1000
28 11 21
97 40 45
49 2 81
13 94 70
52 79 8
2 77 57
79 48 79
31 57 62
43 72 63
97 82 93
72 98 89
66 20 11
8 88 1
96 33 27
54 99 95
5 100 52
46 100 56
12 88 91
47 53 21
55 37 9
35 99 22
6 12 13
81 79 13
80 22 42
23 70 19
44 60 67
59 72 79
51 61 95
14 65 87
10 37 85
19 54 59
85 71 33
22 15 99
65 39 45
82 79 96
25 63 58
82 77 39
97 7 12
30 25 5
12 25 45
86 33 83
6 90 7
62 59 95
7 95 21
86 22 44
79 37 2
95 24 55
43 82 22
71 28 4
74 73 98
61 95 87
75 97 59
74 27 60
44 71 96
16 93 89
43 86 20
17 37 79
66 22 24
94 53 82
69 26 21
4 99 34
57 58 89
55 58 79
75 55 81
84 63 8
61 29 41
95 20 58
4 95 82
93 40 71
85 70 9
97 10 17
32 60 75
75 23 60
2 9 3
29 25 59
46 69 58
33 70 76
42 13 34
79 8 72
16 20 13
80 94 17
71 86 34
45 62 57
44 52 32
16 58 27
89 80 48
61 30 32
37 24 17
79 48 76
31 83 25
73 81 29
70 29 55
10 22 75
70 35 40
41 48 10
81 3 94
60 4 61
34 78 21
55 93 15
65 89 98
16 12 2
100 28 10
7 84 93
8 61 41
36 61 83
83 89 31
77 46 25
48 48 69
37 92 57
69 91 72
16 88 96
25 40 82
86 92 88
16 48 34
29 35 24
81 8 37
92 3 36
36 22 35
22 97 31
15 72 4
93 61 47
4 99 54
98 28 93
79 13 6
50 36 93
79 40 83
0 54 4
1 81 66
50 91 58
79 94 60
48 100 27
87 37 94
85 85 71
87 57 12
13 64 42
72 9 77
38 18 100
44 31 91
7 84 22
83 77 98
16 39 79
76 27 10
34 38 11
63 5 13
29 90 66
2 36 39
45 83 96
14 59 83
53 3 4
57 10 21
28 46 55
67 89 59
22 61 99
36 54 38
24 89 95
22 21 46
2 35 88
14 84 31
33 18 17
93 6 84
15 12 1
91 77 63
29 21 89
23 79 47
42 58 87
12 100 82
6 74 68
29 16 45
54 36 40
100 45 18
93 68 55
1 95 53
59 31 96
14 12 58
17 17 24
92 4 28
61 34 14
66 26 38
20 94 40
49 48 55
65 77 76
98 23 27
38 8 35
93 24 72
86 25 64
12 98 95
66 15 25
81 64 71
33 17 14
7 25 48
98 96 13
16 10 4
95 21 59
38 73 58
20 46 23
42 91 58
40 47 81
76 10 62
6 57 10
72 83 63
51 9 46
64 38 29
20 73 83
100 31 47
39 12 84
67 43 16
97 70 4
34 66 96
69 62 92
54 53 91
10 19 4
61 12 61
39 62 100
84 71 12
47 88 38
99 10 38
42 12 84
69 11 77
8 87 8
37 87 64
46 4 73
43 30 26
6 33 77
60 24 94
29 37 5
68 88 5
5 92 68
44 5 97
99 70 27
89 80 24
8 58 1
5 42 25
38 86 11
67 77 35
100 6 94
17 26 74
91 83 54
63 74 95
22 54 16
11 72 92
91 25 16
12 3 26
31 3 8
54 31 99
80 78 67
84 32 46
1 7 59
21 81 30
72 96 80
81 38 96
12 83 57
11 32 65
21 26 87
27 6 1
33 20 79
73 43 35
89 21 73
38 68 94
66 30 100
84 18 41
100 68 14
94 29 22
8 59 6
56 43 8
52 27 39
75 33 74
55 84 13
72 68 30
21 57 20
68 45 5
28 58 46
93 92 92
52 29 5
22 88 73
56 22 38
51 22 21
73 60 73
78 100 69
29 94 95
80 53 38
79 100 64
96 10 58
61 58 61
100 76 79
89 11 13
81 88 84
28 100 1
91 88 3
76 21 60
65 91 93
55 36 81
88 64 68
76 77 73
54 84 33
55 82 52
36 64 15
53 52 65
63 39 40
80 46 30
38 42 11
38 15 17
56 91 37
40 5 31
84 70 75
11 92 53
5 20 37
94 7 87
81 38 43
40 29 7
97 24 78
97 88 98
56 87 92
61 87 41
37 73 10
67 53 15
99 13 4
33 61 4
15 40 98
47 92 81
30 74 67
53 92 12
52 96 17
38 2 57
83 83 38
32 96 39
84 5 4
91 22 82
4 38 5
66 25 14
48 19 14
81 14 29
87 21 91
74 77 38
24 98 37
52 90 42
53 28 74
82 2 69
53 66 72
98 55 70
28 81 52
67 14 93
86 75 33
15 19 12
49 60 88
54 93 10
62 57 13
0 20 25
94 29 61
57 75 37
26 63 84
56 6 32
43 58 83
60 98 27
97 81 53
59 75 32
84 69 3
13 99 9
57 75 18
13 46 10
12 9 17
34 92 69
95 88 7
8 7 32
55 32 37
75 56 53
37 56 98
70 15 34
2 93 86
100 87 47
38 10 22
92 100 81
1 87 71
76 58 19
69 74 98
53 90 67
35 57 4
82 65 54
17 2 33
78 12 26
16 96 54
94 75 65
22 64 65
19 57 99
49 37 81
57 27 68
58 85 42
63 75 34
13 15 91
70 67 75
88 93 40
44 88 41
52 72 19
17 78 67
5 66 37
86 23 47
66 92 12
16 15 64
77 41 62
76 82 99
77 76 20
23 7 39
88 45 37
36 67 58
17 69 21
75 46 17
36 98 30
39 39 55
25 85 66
98 85 64
76 41 73
72 40 83
71 75 25
67 73 45
12 65 66
0 33 60
6 54 76
45 38 11
39 85 37
20 18 1
57 26 71
75 37 68
49 78 52
94 11 37
87 40 57
89 37 94
29 11 42
52 20 71
8 2 87
43 97 35
100 39 9
69 18 21
91 74 34
46 13 17
75 96 31
34 5 87
25 61 69
100 23 20
10 86 69
25 65 34
81 45 30
3 96 47
13 9 38
46 54 18
57 52 31
75 18 15
16 53 10
4 11 83
22 2 57
66 19 66
78 28 94
88 27 3
92 67 54
0 32 79
72 17 12
21 28 21
74 29 63
70 87 37
60 57 42
3 75 98
68 94 26
48 55 54
49 42 78
13 68 39
6 27 73
56 61 7
87 63 16
77 83 58
18 18 95
6 74 32
70 25 2
59 19 85
90 98 72
87 20 40
44 95 98
2 67 55
42 93 80
80 32 67
1 23 57
32 67 10
67 54 42
45 19 56
85 85 34
8 78 93
90 24 63
67 58 20
1 90 31
3 53 40
50 58 100
35 35 60
53 48 15
50 66 61
53 77 48
100 70 91
30 64 33
66 17 16
10 22 55
100 26 16
95 22 15
23 35 44
46 59 25
84 79 77
72 45 65
66 96 69
68 23 92
88 98 54
45 12 15
31 9 97
97 10 91
67 23 25
23 65 87
28 75 45
13 63 44
52 37 89
46 60 37
23 100 5
34 67 6
95 11 94
61 55 7
100 54 94
25 47 39
58 27 76
85 55 91
20 98 70
32 77 66
78 56 13
25 18 17
6 45 79
2 100 54
100 97 2
2 21 41
58 36 22
18 89 10
83 77 15
12 55 55
79 87 63
91 10 57
11 99 92
37 62 67
16 54 82
48 21 33
10 67 92
75 76 37
59 46 2
28 2 36
3 19 75
66 16 67
49 47 74
13 62 69
44 26 6
75 68 11
28 89 30
12 24 3
5 97 10
38 92 85
93 79 38
98 42 24
20 41 6
28 62 38
33 58 9
20 62 88
86 15 32
95 61 13
7 29 92
74 32 14
58 63 62
13 98 74
73 44 1
46 71 15
11 69 57
98 87 25
34 78 66
82 97 70
77 21 90
21 53 4
67 95 83
27 23 13
24 66 29
69 82 83
19 41 36
65 19 26
47 88 70
100 1 1
78 23 25
22 20 89
59 83 100
53 86 23
66 68 37
80 74 70
79 91 11
52 69 42
67 68 52
97 58 73
3 66 73
18 75 8
51 72 5
4 64 27
82 55 91
88 7 40
51 39 32
46 13 67
98 39 27
83 56 97
19 67 40
1 74 53
43 47 33
94 24 53
46 74 16
7 13 7
75 31 59
37 17 62
65 77 35
100 18 7
35 8 16
50 22 62
73 7 6
36 12 28
40 58 61
65 88 97
31 47 82
10 33 33
55 82 21
97 96 54
37 26 33
46 18 82
55 65 61
29 23 13
34 64 3
21 52 78
74 92 31
0 20 21
74 9 58
40 79 88
2 64 93
71 59 9
83 81 21
81 40 43
98 31 67
52 33 14
5 5 86
11 83 30
93 28 75
50 65 61
46 83 61
31 15 100
97 40 88
8 44 91
45 58 33
100 35 40
61 56 2
2 76 15
73 5 80
22 4 96
37 21 1
75 71 84
10 28 72
10 33 21
41 32 82
83 25 47
64 20 30
16 81 80
79 29 41
18 13 17
95 92 84
15 48 19
99 77 4
10 5 43
37 33 85
51 16 84
79 7 62
18 82 44
46 26 68
21 6 39
19 59 93
80 2 41
99 70 86
86 89 75
20 73 91
41 31 52
31 32 20
76 47 70
55 68 37
20 24 95
13 45 52
1 54 73
33 60 68
67 56 15
8 61 3
95 52 21
25 55 35
36 4 21
82 93 96
87 37 36
43 41 16
8 31 78
91 2 82
80 60 28
47 12 95
23 34 79
7 68 97
53 5 47
100 89 79
25 43 2
38 96 19
52 27 3
39 72 57
7 78 53
70 44 46
44 4 23
13 47 81
85 16 71
98 29 77
21 89 97
5 85 97
77 89 75
16 74 2
17 6 40
54 18 72
99 99 99
15 70 53
54 28 35
95 11 94
99 62 71
26 54 1
63 4 15
4 87 25
19 32 19
35 73 75
79 6 30
4 78 15
55 83 24
69 96 3
7 38 80
34 9 32
25 17 18
82 28 71
87 81 48
24 29 11
45 3 87
49 97 30
52 91 16
75 36 52
100 91 95
74 3 72
8 47 90
4 92 13
57 14 13
17 8 18
88 17 100
70 100 38
4 25 17
19 8 1
97 48 53
0 68 90
61 9 64
87 63 13
92 82 14
56 92 59
54 6 54
82 89 7
37 3 58
50 45 96
80 65 25
53 100 79
2 96 76
73 4 82
96 31 25
2 42 20
38 13 25
18 22 25
14 10 10
87 12 14
9 77 77
97 44 64
45 24 72
5 4 81
71 83 38
41 97 37
77 67 94
67 45 63
1 52 5
22 95 30
81 64 70
30 5 25
48 52 2
11 30 40
5 77 17
52 23 15
100 33 89
68 76 65
15 73 20
78 31 43
41 67 73
67 7 97
97 18 34
10 34 81
89 86 90
50 78 61
91 48 60
78 3 72
10 9 17
83 62 4
87 28 17
17 31 57
54 8 62
89 84 47
77 28 9
79 88 11
54 84 77
34 27 91
34 99 40
65 34 26
51 16 83
25 93 2
54 13 86
34 16 89
94 73 33
21 80 63
50 42 68
47 32 85
90 63 36
23 60 91
59 82 94
90 14 81
0 2 42
55 3 20
89 48 41
60 83 20
74 32 16
53 89 74
3 22 39
49 18 95
71 8 8
30 57 67
30 64 56
100 91 18
90 16 86
63 97 5
76 23 47
61 38 36
32 81 7
18 61 15
21 1 14
22 42 25
4 8 40
42 35 78
97 87 65
81 13 32
84 79 64
36 69 53
65 69 32
56 48 75
77 89 85
14 19 22
40 76 92
14 78 60
95 33 26
2 94 46
64 88 26
65 46 89
19 61 77
94 13 95
48 69 67
62 24 38
55 4 97
33 24 78
75 63 74
57 38 52
75 9 23
98 100 65
13 66 1
42 62 90
40 9 35
19 32 69
13 55 55
91 63 85
29 75 87
29 72 80
62 67 78
15 14 85
54 86 32
12 85 59
47 25 9
13 21 19
77 91 2
76 85 40
55 94 27
16 86 48
100 91 42
17 81 100
82 86 16
70 57 74
25 12 74
37 54 52
40 87 59
31 90 6
38 27 52
99 8 47
95 62 96
34 98 65
34 44 91
39 43 22
6 37 12
4 57 29
30 5 55
0 30 70
6 23 99
38 4 40
41 26 27
4 1 83
96 67 6
56 1 93
16 66 96
69 44 38
68 63 40
47 52 75
44 35 57
87 78 17
3 40 45
86 7 52
98 6 75
69 25 52
78 84 95
1 13 64
67 10 77
93 54 6
13 28 46
73 91 41
93 91 57
63 53 74
64 16 62
71 81 41
0 10 42
41 97 68
66 43 12
29 21 13
16 58 42
29 81 85
68 55 29
84 79 48
90 69 60
0 92 67
86 14 22
35 22 38
11 5 82
67 5 11
80 25 64
21 66 14
23 7 3
85 73 67
65 77 89
0 55 55
15 81 30
91 77 4
22 75 38
99 61 22
90 70 34
25 69 7
84 98 25
4 47 1
34 10 100
15 90 92
10 33 56
28 43 83
9 76 39
9 78 90
98 69 74
77 83 32
89 48 39
28 37 95
8 90 85
49 73 97
28 1 34
100 90 10
39 62 19
75 83 75
76 5 76
17 43 82
9 72 95
84 98 55
35 29 87
96 46 9
87 15 84
63 90 6
57 76 73
85 93 63
49 22 17
43 99 74
30 41 28
34 72 48
0 89 69
16 81 32
30 61 23
83 39 80
14 72 37
89 74 71
95 85 81
4 62 87
85 96 27
48 100 7
80 5 56
