0.000000 100000.000000
1 30000.000000 50000.000000
2
4.10988e+14
0.000000 50000.000000
2
2
2.43455e+14
0.000000 25000.000000
2
2
1.18193e+14
12500.000000 25000.000000
2
2
1.85602e+14
12500.000000 18750.000000
2
2
1.53125e+14
12500.000000 15625.000000
2
2
1.35966e+14
14062.500000 15625.000000
2
2
1.44622e+14
14843.750000 15625.000000
2
2
1.48893e+14
14843.750000 15234.375000
2
2
1.46762e+14
14843.750000 15039.062500
2
2
1.45693e+14
14843.750000 14941.406250
2
2
1.45158e+14
14892.578125 14941.406250
2
2
1.45426e+14
14916.992188 14941.406250
2
2
1.45559e+14
14916.992188 14929.199219
2
2
1.45493e+14
14923.095703 14929.199219
2
2
1.45526e+14
14926.147461 14929.199219
2
2
1.45543e+14
14927.673340 14929.199219
2
2
1.45551e+14
14927.673340 14928.436279
2
2
1.45547e+14
14927.673340 14928.054810
2
2
1.45545e+14
14927.864075 14928.054810
2
2
1.45546e+14
14927.864075 14927.959442
2
2
1.45545e+14
14927.911758 14927.959442
2
2
1.45546e+14
14927.935600 14927.959442
2
2
1.45546e+14
14927.947521 14927.959442
2
2
1.45546e+14
14927.947521 14927.953482
2
2
1.45546e+14
14927.947521 14927.950501
2
2
1.45546e+14
14927.947521 14927.949011
2
2
1.45546e+14
14927.947521 14927.948266
2
2
1.45546e+14
14927.947521 14927.947894
2
2
1.45546e+14
14927.947707 14927.947894
2
2
1.45546e+14
14927.947801 14927.947894
2
2
1.45546e+14
14927.947847 14927.947894
2
2
1.45546e+14
14927.947847 14927.947870
2
2
1.45546e+14
14927.947859 14927.947870
2
2
1.45546e+14
14927.947865 14927.947870
2
2
1.45546e+14
14927.947868 14927.947870
2
2
1.45546e+14
14927.947868 14927.947869
2
2
1.45546e+14
14927.947868 14927.947869
2
2
1.45546e+14
14927.947868 14927.947869
2
2
1.45546e+14
14927.947868 14927.947869
2
2
1.45546e+14
14927.947868 14927.947869
2
2
1.45546e+14
14927.947869 14927.947869
2
2
1.45546e+14
14927.947869 14927.947869
2
2
1.45546e+14
14927.947869 14927.947869
2
2
1.45546e+14
14927.947869 14927.947869
2
2
1.45546e+14
14927.947869 14927.947869
2
2
1.45546e+14
14927.947869 14927.947869
2
2
1.45546e+14
14.9279478685
14927.947869 100000.000000
3
2
3.00498e+14
14927.947869 57463.973934
3
2
1.80615e+14
14927.947869 36195.960901
4
2
9.96088e+13
25561.954385 36195.960901
3
2
1.42435e+14
30878.957643 36195.960901
3
2
1.62112e+14
30878.957643 33537.459272
3
2
1.52428e+14
30878.957643 32208.208458
3
2
1.47471e+14
30878.957643 31543.583050
3
2
1.44963e+14
31211.270347 31543.583050
3
2
1.46219e+14
31211.270347 31377.426699
3
2
1.45592e+14
31211.270347 31294.348523
3
2
1.45277e+14
31252.809435 31294.348523
3
2
1.45434e+14
31273.578979 31294.348523
3
2
1.45513e+14
31283.963751 31294.348523
3
2
1.45552e+14
31283.963751 31289.156137
3
2
1.45533e+14
31286.559944 31289.156137
3
2
1.45543e+14
31287.858040 31289.156137
3
2
1.45547e+14
31287.858040 31288.507088
3
2
1.45545e+14
31288.182564 31288.507088
3
2
1.45546e+14
31288.182564 31288.344826
3
2
1.45546e+14
31288.263695 31288.344826
3
2
1.45546e+14
31288.263695 31288.304261
3
2
1.45546e+14
31288.263695 31288.283978
3
2
1.45546e+14
31288.273837 31288.283978
3
2
1.45546e+14
31288.278907 31288.283978
3
2
1.45546e+14
31288.281443 31288.283978
3
2
1.45546e+14
31288.282710 31288.283978
3
2
1.45546e+14
31288.282710 31288.283344
3
2
1.45546e+14
31288.282710 31288.283027
3
2
1.45546e+14
31288.282869 31288.283027
3
2
1.45546e+14
31288.282869 31288.282948
3
2
1.45546e+14
31288.282909 31288.282948
3
2
1.45546e+14
31288.282928 31288.282948
3
2
1.45546e+14
31288.282928 31288.282938
3
2
1.45546e+14
31288.282933 31288.282938
3
2
1.45546e+14
31288.282933 31288.282936
3
2
1.45546e+14
31288.282935 31288.282936
3
2
1.45546e+14
31288.282935 31288.282936
3
2
1.45546e+14
31288.282935 31288.282935
3
2
1.45546e+14
31288.282935 31288.282935
3
2
1.45546e+14
31288.282935 31288.282935
3
2
1.45546e+14
31288.282935 31288.282935
3
2
1.45546e+14
31288.282935 31288.282935
3
2
1.45546e+14
31288.282935 31288.282935
3
2
1.45546e+14
31288.282935 31288.282935
3
2
1.45546e+14
31288.282935 31288.282935
3
2
1.45546e+14
31288.282935 31288.282935
3
2
1.45546e+14
16.3603350669
31288.282935 100000.000000
3
4
1.95792e+14
31288.282935 65644.141468
3
4
1.08563e+14
48466.212202 65644.141468
3
4
1.5286e+14
48466.212202 57055.176835
3
4
1.31131e+14
52760.694518 57055.176835
3
4
1.42069e+14
54907.935676 57055.176835
3
4
1.47479e+14
54907.935676 55981.556256
3
4
1.44778e+14
55444.745966 55981.556256
3
4
1.46129e+14
55444.745966 55713.151111
3
4
1.45454e+14
55578.948538 55713.151111
3
4
1.45792e+14
55578.948538 55646.049825
3
4
1.45623e+14
55578.948538 55612.499181
3
4
1.45538e+14
55595.723860 55612.499181
3
4
1.45581e+14
55595.723860 55604.111521
3
4
1.4556e+14
55595.723860 55599.917690
3
4
1.45549e+14
55595.723860 55597.820775
3
4
1.45544e+14
55596.772317 55597.820775
3
4
1.45546e+14
55596.772317 55597.296546
3
4
1.45545e+14
55597.034432 55597.296546
3
4
1.45546e+14
55597.034432 55597.165489
3
4
1.45545e+14
55597.099960 55597.165489
3
4
1.45546e+14
55597.132725 55597.165489
3
4
1.45546e+14
55597.149107 55597.165489
3
4
1.45546e+14
55597.157298 55597.165489
3
4
1.45546e+14
55597.157298 55597.161394
3
4
1.45546e+14
55597.159346 55597.161394
3
4
1.45546e+14
55597.159346 55597.160370
3
4
1.45546e+14
55597.159346 55597.159858
3
4
1.45546e+14
55597.159346 55597.159602
3
4
1.45546e+14
55597.159474 55597.159602
3
4
1.45546e+14
55597.159474 55597.159538
3
4
1.45546e+14
55597.159474 55597.159506
3
4
1.45546e+14
55597.159474 55597.159490
3
4
1.45546e+14
55597.159474 55597.159482
3
4
1.45546e+14
55597.159474 55597.159478
3
4
1.45546e+14
55597.159474 55597.159476
3
4
1.45546e+14
55597.159474 55597.159475
3
4
1.45546e+14
55597.159474 55597.159475
3
4
1.45546e+14
55597.159475 55597.159475
3
4
1.45546e+14
55597.159475 55597.159475
3
4
1.45546e+14
55597.159475 55597.159475
3
4
1.45546e+14
55597.159475 55597.159475
3
4
1.45546e+14
55597.159475 55597.159475
3
4
1.45546e+14
55597.159475 55597.159475
3
4
1.45546e+14
55597.159475 55597.159475
3
4
1.45546e+14
55597.159475 55597.159475
3
4
1.45546e+14
24.3088765391
55597.159475 100000.000000
3
4
-nan
55597.159475 77798.579737
3
4
-nan
55597.159475 66697.869606
3
4
-nan
55597.159475 61147.514540
3
4
-nan
55597.159475 58372.337007
3
4
-nan
55597.159475 56984.748241
3
4
-nan
55597.159475 56290.953858
3
4
-nan
55597.159475 55944.056666
3
4
-nan
55597.159475 55770.608070
3
4
-nan
55597.159475 55683.883772
3
4
-nan
55597.159475 55640.521624
3
4
-nan
55597.159475 55618.840549
3
4
-nan
55597.159475 55608.000012
3
4
-nan
55597.159475 55602.579743
3
4
-nan
55597.159475 55599.869609
3
4
-nan
55597.159475 55598.514542
3
4
-nan
55597.159475 55597.837008
3
4
-nan
55597.159475 55597.498241
3
4
-nan
55597.159475 55597.328858
3
4
-nan
55597.159475 55597.244166
3
4
-nan
55597.159475 55597.201820
3
4
-nan
55597.159475 55597.180647
3
4
-nan
55597.159475 55597.170061
3
4
-nan
55597.159475 55597.164768
3
4
-nan
55597.159475 55597.162121
3
4
-nan
55597.159475 55597.160798
3
4
-nan
55597.159475 55597.160136
3
4
-nan
55597.159475 55597.159805
3
4
-nan
55597.159475 55597.159640
3
4
-nan
55597.159475 55597.159557
3
4
-nan
55597.159475 55597.159516
3
4
-nan
55597.159475 55597.159495
3
4
-nan
55597.159475 55597.159485
3
4
-nan
55597.159475 55597.159480
3
4
-nan
55597.159475 55597.159477
3
4
-nan
55597.159475 55597.159476
3
4
-nan
55597.159475 55597.159475
3
4
-nan
55597.159475 55597.159475
3
4
-nan
55597.159475 55597.159475
3
4
-nan
55597.159475 55597.159475
3
4
-nan
55597.159475 55597.159475
3
4
-nan
55597.159475 55597.159475
3
4
-nan
55597.159475 55597.159475
3
4
-nan
55597.159475 55597.159475
3
4
-nan
55597.159475 55597.159475
3
4
-nan
55597.159475 55597.159475
3
4
-nan
0.0000000000
55597.159475 100000.000000
3
4
-nan
55597.159475 77798.579737
3
4
-nan
55597.159475 66697.869606
3
4
-nan
55597.159475 61147.514540
3
4
-nan
55597.159475 58372.337007
3
4
-nan
55597.159475 56984.748241
3
4
-nan
55597.159475 56290.953858
3
4
-nan
55597.159475 55944.056666
3
4
-nan
55597.159475 55770.608070
3
4
-nan
55597.159475 55683.883772
3
4
-nan
55597.159475 55640.521624
3
4
-nan
55597.159475 55618.840549
3
4
-nan
55597.159475 55608.000012
3
4
-nan
55597.159475 55602.579743
3
4
-nan
55597.159475 55599.869609
3
4
-nan
55597.159475 55598.514542
3
4
-nan
55597.159475 55597.837008
3
4
-nan
55597.159475 55597.498241
3
4
-nan
55597.159475 55597.328858
3
4
-nan
55597.159475 55597.244166
3
4
-nan
55597.159475 55597.201820
3
4
-nan
55597.159475 55597.180647
3
4
-nan
55597.159475 55597.170061
3
4
-nan
55597.159475 55597.164768
3
4
-nan
55597.159475 55597.162121
3
4
-nan
55597.159475 55597.160798
3
4
-nan
55597.159475 55597.160136
3
4
-nan
55597.159475 55597.159805
3
4
-nan
55597.159475 55597.159640
3
4
-nan
55597.159475 55597.159557
3
4
-nan
55597.159475 55597.159516
3
4
-nan
55597.159475 55597.159495
3
4
-nan
55597.159475 55597.159485
3
4
-nan
55597.159475 55597.159480
3
4
-nan
55597.159475 55597.159477
3
4
-nan
55597.159475 55597.159476
3
4
-nan
55597.159475 55597.159475
3
4
-nan
55597.159475 55597.159475
3
4
-nan
55597.159475 55597.159475
3
4
-nan
55597.159475 55597.159475
3
4
-nan
55597.159475 55597.159475
3
4
-nan
55597.159475 55597.159475
3
4
-nan
55597.159475 55597.159475
3
4
-nan
55597.159475 55597.159475
3
4
-nan
55597.159475 55597.159475
3
4
-nan
55597.159475 55597.159475
3
4
-nan
0.0000000000
