50
1 1
100 100
50 4
11 6
2 4
14 3
12 11
12 0
15 10
6 6
8 7
15 15
14 8
3 7
9 10
11 9
5 11
3 4
8 2
4 15
8 3
14 0
13 8
8 12
6 2
13 3
11 3
13 7
7 8
7 1
5 10
8 0
12 1
8 10
7 15
8 8
0 3
0 11
1 13
1 10
10 2
6 8
7 11
11 15
13 14
0 8
2 13
11 4
2 5
5 5
3 11
1 9
2 10
50 4
9 6
12 8
6 0
0 3
12 11
9 8
0 5
2 3
2 5
2 2
7 1
12 9
0 9
6 1
0 2
10 12
0 1
12 7
12 3
12 1
0 0
11 0
12 10
12 4
12 5
1 1
3 1
4 4
9 4
0 10
3 5
11 11
1 9
11 1
3 4
10 5
10 7
8 9
8 1
7 7
7 6
5 2
5 3
6 9
9 0
12 12
0 6
7 0
1 11
4 10
18 2
0 0
0 1
0 2
0 3
0 4
0 5
1 0
1 1
1 2
1 3
1 4
1 5
2 0
2 1
2 2
2 3
2 4
2 5
16 1
0 0
0 1
0 2
1 0
1 1
1 2
2 0
2 1
2 2
2 3
3 3
4 3
3 2
4 2
3 1
4 1
50 17
5 5
6 9
6 5
3 9
2 0
6 8
7 5
10 1
4 3
2 5
3 5
8 10
1 2
10 3
8 8
9 9
10 0
7 4
3 0
0 0
10 5
4 4
7 2
4 6
2 2
7 1
3 2
9 1
2 1
0 5
5 1
4 1
2 3
8 1
9 8
6 7
8 0
1 9
6 0
8 3
3 3
5 3
9 0
2 4
9 2
10 4
7 7
9 4
1 8
1 6
28 7010298
20259010 845744
28887952 28986004
1638618 27969512
43477242 54794457
17324934 54103948
46135454 48357062
18166050 54103977
22425308 15872568
1554006 8463319
9075641 43835253
23879253 45583195
19155511 52813269
28573311 36008541
31329856 33816781
28299879 40743296
14062012 26414169
29273006 6968099
11274178 30489222
46660174 3307444
22164714 20591065
52308531 38543916
10298817 12145951
37801155 17437866
52073622 3637010
4880511 11939440
7275249 46476581
44435393 4963060
20003619 21673261
50 5
3 15
10 16
9 4
6 15
4 8
5 11
0 1
16 10
17 13
15 10
3 1
11 11
13 18
13 11
13 17
8 8
7 15
6 6
2 4
15 3
12 10
18 11
17 6
8 18
17 3
5 4
11 2
6 1
2 9
9 10
3 8
2 1
2 3
7 9
12 2
13 0
8 11
3 4
18 9
16 7
11 18
17 2
8 12
16 12
4 4
0 2
7 13
15 5
0 11
14 1
20 79196893
234700243 181244064
232840960 343910655
95776799 305873030
26844174 273909324
192074788 43951482
270255228 255244529
5656752 328707105
254807740 92838096
87950064 167511517
247408608 70069050
192721478 269587242
66537223 217541615
195412733 326596929
189146902 291740875
353135621 169605473
168075353 273795140
71717751 292435829
123300591 123575426
184187092 7128721
294591004 302655224
3 1
100 100
200 200
300 300
14 1
0 1
0 2
0 3
1 0
1 1
1 2
1 3
2 0
2 1
2 2
2 3
3 0
3 1
3 2
15 11559273
49987969 29470600
64063113 4336518
71085122 61848358
2159932 22559981
7103992 26818375
3002492 65670172
47620387 6649084
35614398 33393489
40932194 5359823
4707307 14752536
21199699 41630364
43099569 41468543
48743070 67168299
51433385 7946389
358816 72256110
7 6
8 5
3 6
9 2
4 5
3 2
1 8
2 8
18 1
0 0
0 1
0 2
3 3
3 4
3 5
1 0
1 1
1 2
4 3
4 4
4 5
2 0
2 1
2 2
5 3
5 4
5 5
50 8
2 3
11 15
0 5
0 0
15 5
2 7
11 5
11 11
7 2
2 11
6 11
10 9
6 14
3 16
5 13
16 9
8 0
10 2
15 9
5 4
1 2
7 4
3 13
4 12
3 9
11 1
15 8
1 0
3 10
7 0
1 13
16 16
16 4
15 13
4 7
3 4
14 15
13 13
16 8
9 6
14 10
7 3
9 13
3 6
12 13
12 14
6 9
15 10
0 1
1 9
50 6
0 0
11 7
0 11
9 14
2 2
3 3
0 13
6 4
11 8
2 10
11 13
0 8
8 3
9 2
14 8
1 9
14 14
2 9
3 7
2 5
0 4
13 10
9 5
10 5
0 12
3 5
10 14
3 14
10 6
13 7
4 1
2 3
1 13
3 2
12 4
11 6
11 14
9 8
14 12
4 13
4 8
3 8
0 9
1 1
5 3
12 9
6 12
12 11
12 13
8 13
25 22732507
60577390 4437494
6230423 31330397
51887708 31933995
1825734 26141505
60486128 35249030
43955744 64555321
79082221 12448013
63583240 70873299
32742397 23757754
61237690 62173739
31170681 56348192
44344512 20485848
62709329 28449876
15709283 52233139
15738778 32305843
12136267 7567217
911724 26973594
57211718 66261140
18975257 24607680
77847562 77426846
16161744 18219568
30677162 69812641
79163490 465377
5316132 4993634
41529121 41099507
23 5358370
25783697 4468986
68940686 22443596
49449993 58321103
9359185 44343306
18817395 69254687
22353944 16709095
20103609 1996648
45021801 67382437
14626103 69205710
33721422 24434170
12842568 2323165
20633026 43364027
16264900 29030104
66607439 37005294
4348646 2779950
17396385 60297
49431401 29805964
30839973 52950994
22011579 18240012
4545502 57843557
2754784 49405323
20655300 26052180
54227686 6744472
2 1
100 100
200 200
18 1
0 0
0 1
0 2
0 3
0 4
0 5
1 0
1 1
1 2
1 3
1 4
1 5
2 0
2 1
2 2
2 3
2 4
2 5
9 168029819
207740933 407458767
95757164 179793494
292108543 424113450
351386086 220797707
165065667 82916936
260405273 165731597
368282529 400575067
160168005 362352684
422120876 418102752
18 2662885
10761913 54603564
58270276 34899706
30447818 6708026
54583964 15135223
16209712 15338642
26458699 36232766
1285395 58402934
5547642 43864784
37205920 39829824
22733015 8004192
39834393 53267719
58403578 58459155
47357703 28917994
8672233 46875606
2366858 31191036
30086327 20491099
54822865 53925836
15073863 39578289
15 54844776
122763023 86975720
257816604 261793388
223390191 49884893
86808458 117069053
126539865 109428378
78427446 31135363
229479173 173589597
146775167 91646682
289457301 148828970
81116866 237337053
50827089 166189025
176248610 274347263
197079745 189942089
101783731 230855801
21962485 53073943
50 8
11 8
9 15
14 17
2 9
1 7
15 13
16 10
9 12
11 7
7 13
17 10
1 16
7 11
8 7
16 17
15 16
10 7
16 1
10 0
13 17
12 17
3 4
14 15
2 11
6 5
12 4
3 13
1 8
0 8
14 8
2 2
16 6
13 6
3 11
8 0
2 5
4 6
4 9
17 11
5 5
9 2
7 0
17 0
8 8
8 2
0 1
1 6
2 14
4 11
15 1
24 55328202
230440814 231913445
329502662 122417703
286325136 261238465
42207564 233288512
320320382 249416755
2801128 178060921
139979510 170968653
161964100 47620116
26775460 83584095
265325634 101438487
150015497 112717748
140217206 60965019
241661559 177597797
205637109 4288178
78727737 334192280
148166213 70366710
295733647 312895513
47957939 172100650
292279638 16791827
187939204 145511568
159593990 198614826
118322947 314338375
283618454 129919352
186713721 238499549
18 36394308
106905200 92886877
126949963 71970693
121356374 94295363
69231504 77427632
17684904 41930193
85165795 48912347
24756737 80926029
56181256 86429697
8589679 36231394
126749786 112962450
72172319 55934599
126509314 126254500
124587046 16397569
26075990 103982535
33189998 110774015
36631371 90283125
121372386 7925273
80883368 83492825
7 3
1 5
2 3
2 1
5 1
6 3
4 4
4 5
28 60917302
134411547 172020346
88005030 40723033
142146787 207530573
23505398 86231981
17909608 253851351
156221339 193128998
67776722 20777507
5959756 131065174
111164338 217779165
51669455 111393180
260779574 270572541
180167176 38365917
110133512 12944712
14445129 161082456
78624914 10513269
233706867 15236151
36682233 37547124
263608535 107257444
212888721 116482384
798337 227166211
223354045 81551512
101980949 37295457
122110264 80736143
113699698 86658305
145932889 202708305
123242011 951599
264970215 76920985
209051062 34603017
50 19
8 3
5 8
7 12
7 2
6 4
13 7
10 13
9 4
3 10
3 1
9 0
3 13
0 13
9 1
9 13
12 4
13 4
4 4
4 6
1 5
7 4
13 2
0 7
4 2
3 11
10 8
2 7
5 9
4 5
1 2
3 8
0 8
10 4
6 7
2 8
10 1
9 6
6 10
4 8
6 8
7 6
4 1
8 8
1 10
3 6
1 6
8 10
13 6
8 13
9 10
16 2
0 0
0 1
0 2
1 0
1 1
1 2
2 0
2 1
2 2
2 3
3 3
4 3
3 2
4 2
3 1
4 1
5 21972954
74740411 111259380
144057303 59383053
73659011 63926018
121140921 20912365
124019870 52196775
21 67081383
321170387 436263748
187348126 180215261
273641610 95729734
203004286 457252822
324324329 289287416
31519169 199030563
277188994 288415701
471315140 75429816
202143486 216179147
212759599 384884191
105047539 220937410
223418035 271743903
280706653 146172475
188409588 171694043
20194174 13712812
457116915 432264091
293465390 8108821
16730501 387787923
33408462 238149370
362283828 410872217
198458537 389318199
3 73024311
70170900 295190377
392397038 229174606
357319029 60595391
22 12831146
55470245 9220616
48539025 76324648
52157672 42587837
7967047 2278982
8587601 27351620
53252894 21691206
37065870 52857632
4064038 53388249
75452122 51130683
5786342 41316092
30489118 83095143
74617234 47597071
43776239 53361689
24567476 59777734
31800666 63782875
41902752 29336853
23327228 17952056
27563990 52830840
40566403 36072460
24175030 77005525
20902550 19145698
48532158 60465340
23 60413960
25829136 182445490
43794842 173146412
79124569 99602143
13126893 154579335
63392392 88589125
72211309 44740675
144470894 10528825
148828859 115138925
186438514 25538255
81923716 127298494
52850448 4577337
62544263 145749016
125949885 159096963
120995897 45455310
235776 178355123
139291253 86305258
165390750 179896941
142090791 28501523
125926189 188000053
34583406 135307164
126950198 33363281
160177485 120524727
138409350 33458440
4 2
0 0
0 2
10 0
10 2
14 2
0 1
0 2
0 3
1 0
1 1
1 2
1 3
2 0
2 1
2 2
2 3
3 0
3 1
3 2
4 1
0 0
0 2
10 0
10 2
29 84829900
205607117 193158018
34446166 244579642
175646855 139422216
310603429 266352798
253170422 115954080
347021504 210725269
54817960 59724869
266894959 74801001
176120722 319405355
150660059 130563161
234489937 277220508
107137637 250743234
343320587 347654964
229023891 106970154
29510452 263129653
68722853 282489705
197796717 311942984
131584838 216200501
184215686 73353489
332749470 60420936
324014116 44836333
190892484 276161456
282860670 354623243
109246673 214460275
81875969 296759844
312095120 250334940
271243668 143099032
109363793 161994278
325028853 347018087
17 82754059
183043611 235876347
173369570 221155116
274417481 106652147
310616721 282567588
292144254 81474493
302397521 150314290
162381276 107472764
79426588 32870199
218192279 10171985
148485965 166789649
45151151 276014144
144351554 142822382
131149768 166456935
302171835 272013722
225885423 170469518
25397177 276712545
131217796 103948212
20 16852682
390061163 146695273
133354432 434941389
235842151 381226181
374162457 239882549
42446610 362747486
425293258 397012023
304272287 291888997
408961001 276711045
309395617 206612463
11750044 400491354
166655566 97187264
107899131 188950707
393741067 195403969
193048888 76646551
74106673 96945284
41310879 316085353
87779161 98814352
146712402 254376224
423709473 362667985
415582206 288341081
13 9509776
11096878 63489342
49060702 55508332
23618998 52252892
3891449 63928292
47467711 13872270
6058434 33984093
1663745 51854366
49756843 34828937
9046444 59272788
54810047 17878647
30774384 18220628
27014896 61833398
21402968 45600085
18 2
0 0
0 1
0 2
3 3
3 4
3 5
1 0
1 1
1 2
4 3
4 4
4 5
2 0
2 1
2 2
5 3
5 4
5 5
7 3
8 5
3 6
9 2
4 5
3 2
1 8
2 8
50 20
8 9
5 0
11 0
9 2
4 9
7 7
9 8
10 7
4 6
9 6
5 10
9 3
3 1
4 11
3 6
6 4
8 0
6 1
7 9
7 3
2 8
6 9
7 8
6 7
3 2
6 10
3 7
0 2
8 2
6 11
10 1
6 5
11 9
0 3
3 3
5 9
11 5
1 8
11 6
7 2
7 0
1 1
5 6
8 6
11 11
4 1
5 2
8 1
0 9
4 4
13 19195070
42027960 16227252
14853882 71765464
61963363 70126731
79243898 114138248
29169787 28300160
107372769 129504160
4723137 86067781
82142429 82174591
121276696 41283781
108994985 472451
76944916 124937513
84115088 32043155
67840796 36494270
26 45922758
49883291 92905212
106757092 86840559
65556445 61578043
54477455 107777366
88832741 84806834
31368164 25237375
46560275 117929078
98095327 13534106
80203282 54844470
18888751 96908326
117774222 11104105
65122942 113911028
83754003 119260006
37064479 93316675
74590915 40848018
71658387 25609802
115223540 104135859
31314040 15805589
26441828 73570723
10981007 16635847
42194457 64940769
88452328 59703806
71951001 116284738
43724908 50543251
109398851 14462789
68208391 113423808
28 54858582
52075502 315598868
436177677 119693987
288430312 47915885
459693342 264524096
10680272 236834385
193620415 223048578
377386090 105201669
146905779 86515517
5996768 146446302
317876114 114077373
417738996 136888633
333510812 164586072
418894984 188063534
90728826 164777879
198941448 107990966
273453004 431663876
303368247 69625242
151641820 402508096
319037433 155356190
257647635 98425923
360855520 353853828
46086271 127206698
401762485 296669731
220459884 269381659
157446580 374921851
150237516 193504112
437778128 44296620
292524285 201721232
24 3344937
21289585 26274613
7062274 26646895
48560245 1025877
40975875 11119135
17322804 12187835
26593000 3997900
26371100 38810501
40675593 29236984
42637554 9661348
25533491 41352394
34183254 8478090
8065291 29405575
41097022 47673667
9865294 39088031
13176181 18975489
36334608 333255
70567 46697156
46468509 47108149
45543068 38600997
18836736 35675383
45667202 6881856
157090 16837617
32280162 48816700
48575113 12709361
16 54103378
50441296 127407087
65456384 402737
151418041 154877491
12393276 114543791
144416680 99039865
103306712 104458324
74487462 76428615
89727323 15652817
38005280 85612792
52130135 53314852
26209523 11064365
131130446 71630658
21453333 52302953
31077944 132550081
156927171 54037119
142889908 107489822
