100 1000
313 100
542 100
671 100
826 100
853 100
934 100
304 100
290 100
360 100
391 100
980 100
485 100
832 100
763 100
465 100
432 100
421 100
218 100
549 100
320 100
99 100
743 100
36 100
710 100
178 100
855 100
211 100
648 100
972 100
555 100
16 100
782 100
705 100
636 100
879 100
271 100
522 100
762 100
13 100
395 100
694 100
934 100
402 100
56 100
171 100
669 100
798 100
709 100
53 100
204 100
858 100
250 100
145 100
927 100
39 100
197 100
281 100
171 100
234 100
367 100
549 100
217 100
989 100
239 100
544 100
190 100
208 100
665 100
549 100
229 100
671 100
326 100
609 100
121 100
994 100
449 100
187 100
102 100
584 100
259 100
76 100
33 100
276 100
218 100
470 100
668 100
342 100
306 100
739 100
2 100
517 100
416 100
697 100
730 100
339 100
916 100
966 100
474 100
995 100
340 100
