1000
-546 -1716
1781 1044
-1623 1441
1818 353
1034 1768
-724 26
-1484 -1898
-934 413
1408 -377
384 1841
83 1001
-1582 -813
-185 -918
-1487 410
1858 1048
1984 -376
1512 485
-1099 1274
32 282
-707 806
-735 -597
93 -1710
-258 -1632
848 868
982 1497
1128 704
-1925 -1428
938 1452
1841 1556
1529 -19
891 298
-445 617
-1171 787
1727 -716
-341 -529
941 -1484
1777 -1774
-894 -752
-1307 -971
747 1577
-426 -680
1856 1812
404 -1151
-997 1594
1057 -1052
1897 -1672
1375 -1797
1604 90
1449 1886
1442 975
-170 -1503
1931 -579
-523 1735
571 -573
-1999 1711
607 1884
659 -247
629 1595
-1647 -1731
-1408 -1901
1218 1182
-1754 -1138
1041 849
-1563 1710
-963 -521
1591 -529
1822 -1250
1408 104
1675 1708
1616 1255
924 -1856
-1588 367
1877 1593
1477 966
1417 885
-204 -1951
-94 -1996
-1441 1743
-1810 27
-1733 -950
196 -231
765 -263
-1923 804
-1202 -1790
691 -1879
-1021 270
-1945 -1469
384 -1541
-1227 -1446
-1250 -896
-986 668
-1254 387
-1000 1796
-250 -139
-774 -318
-775 -12
-1885 -323
352 30
149 1223
572 -26
-1697 1770
-65 -1919
75 -1520
-1494 863
-789 325
1132 1434
-763 1741
-1765 -1011
1399 -349
-1877 -997
255 1922
56 822
-140 836
-29 346
-257 1212
-152 174
1815 1886
963 -678
210 -200
1100 1080
-1393 847
-242 1804
-1822 22
28 -530
309 -238
719 942
1144 -1536
907 300
-1552 -582
142 747
-1752 1847
214 -1034
-526 -1093
1333 700
-267 439
-1159 -724
-582 -1566
837 1838
-1302 -72
-1139 311
-1824 -1622
1624 -1108
-45 -1289
-1197 170
435 1140
1981 -208
-960 571
129 -669
-822 -1685
-495 -1433
-828 -27
29 -791
-558 1284
288 -686
-329 -222
1837 167
1542 133
-1778 1422
1774 -157
1218 -731
1387 1875
593 -284
-1198 259
-548 -1499
-766 1936
666 955
-1851 -1344
-820 -208
-707 -925
1395 1956
-1368 1418
373 259
-1604 -1841
-1282 -1510
-1791 -1271
-1545 1850
1387 1490
-1165 1
-724 -151
-1723 -579
201 77
-374 -1915
-324 -911
95 711
217 -892
-163 -1858
-165 1740
-1634 -1112
639 922
-864 -1621
-571 -958
-956 -930
1727 -1654
1095 717
340 -1597
-1544 561
-553 683
-143 1856
1805 1392
-360 -1532
-1634 -1732
796 739
-395 496
-799 -725
-1908 342
-1186 1798
628 -1395
-876 -870
1884 -1716
1142 471
401 1481
1053 663
-1390 -1992
-947 -593
1385 -233
487 958
1676 -1089
-259 1175
-314 -371
1647 -1815
1741 -1783
1848 459
-1225 -1447
-1442 -1747
595 -43
-1306 -749
1881 528
54 -328
-1765 622
947 976
-1430 153
-1161 1289
-651 1010
1058 -1856
-1520 -1552
1560 -179
-565 847
1204 1426
138 -515
-1129 697
-1549 306
-1738 1239
-448 -154
-1894 864
1261 -764
1375 -891
-1894 -445
1957 1981
1269 -1271
-1435 154
-1804 -1946
1089 1005
-1240 1309
17 1659
1917 411
-520 -1271
-1846 -241
1390 -1500
1161 -1213
637 483
-814 1933
-1722 -1963
-1970 1016
-1863 -1446
816 1049
269 1385
-352 368
-284 889
477 -179
1284 -1106
-219 -1695
-60 479
1572 1972
1939 1389
25 -1093
802 1497
-1600 308
1526 175
1953 1374
-151 -1976
1899 -963
-1024 -1978
-691 -313
1133 381
1759 148
-240 908
935 -826
1962 831
-1321 -987
-506 359
766 430
1925 273
-1764 -919
6 85
476 -170
787 719
-534 958
-557 695
404 -476
1419 12
-98 888
1590 405
-863 24
-1467 53
741 810
-3 -770
709 249
-350 1342
950 -603
1584 -1550
387 -289
-1408 1964
217 -812
789 1857
1182 -7
1160 1872
-1915 588
1396 1211
1127 -1409
-182 -1658
703 -195
-1366 -1871
1224 1910
1162 1926
-346 1695
228 -1689
126 -1482
599 276
1083 1159
-1994 -1690
-1504 1632
-411 1978
-595 1373
858 -1090
-1029 -707
1559 1467
1200 596
-1152 -568
1551 -1873
272 -1844
1205 -242
301 -1289
473 -1954
-826 136
-1450 1115
1133 -603
1188 1307
-1686 -1969
-1966 1075
110 1344
676 1443
-1186 852
-827 1660
729 598
1369 -388
1313 1503
1288 -135
-1433 -1536
-250 -899
1190 1732
1931 -408
398 825
-1834 -1754
1897 -22
1477 781
-1052 1787
-1864 -902
-1377 1886
7 1055
-1136 -1228
1144 996
-1708 -865
1282 -1318
1362 -416
-1868 -284
-774 -1216
-145 -1846
-1486 -1945
-1838 1199
-962 -1014
-1918 497
-1817 779
-35 1124
289 1825
-1599 1688
-1906 1482
808 1709
1259 -97
-1996 1761
179 -620
-1907 -1424
-238 666
1400 -1831
686 -1873
-1017 700
-838 -528
-1915 1267
-1577 102
-548 1733
-1877 -1561
1428 -425
-1898 -73
-127 332
1228 1024
296 660
1222 1409
953 -909
-320 -1166
524 1875
-1159 37
-47 -230
-617 -307
-997 -1764
-684 927
734 -1235
1914 1426
-97 -324
15 -1445
-956 -1401
1053 242
-1363 493
-23 -1150
1019 1135
820 -449
509 -1629
427 -1412
-1659 664
845 -1307
1970 -26
1850 425
629 619
1025 -1571
1515 1177
-1868 -48
1222 1956
-1814 886
1796 585
1219 1539
1680 1929
562 -85
296 -1397
-890 671
-1807 -191
802 193
-1289 873
934 163
1792 -1872
-306 -939
-921 48
409 -1693
1796 321
1046 1312
-1322 1155
-727 1088
202 -764
-1694 1161
602 -1920
1075 1466
1941 -1461
-787 790
-530 27
150 905
-1059 -1849
-1876 -1455
-1335 708
1556 1032
-1705 1356
-343 569
-931 1542
268 -1170
1239 478
-193 1732
583 1403
-165 -1390
1319 1453
1533 -885
-389 1976
591 125
-1962 -1081
1241 417
130 -952
1202 -888
1764 -801
-51 1397
702 -752
-1351 -310
-968 617
-1716 -1854
155 152
1753 1551
1009 1566
553 1865
871 818
-203 -1858
1278 -420
-369 -1057
-1725 -1508
-1386 1128
-1904 820
-1005 247
1516 1303
-296 1408
1934 1565
1217 -1246
1704 770
1490 1625
-1869 359
188 -983
-191 442
-456 -1181
-822 1947
-1829 -1678
-1482 395
794 1517
-766 -1404
1646 -1571
-576 -1398
-38 73
1084 754
208 -1269
1394 -202
-1039 -378
-497 226
-1505 -1371
618 69
-1064 570
-1255 -838
-1074 -257
-1220 -217
-746 671
431 817
835 -424
49 -599
1272 -1755
-272 1206
-1334 -1138
-416 517
658 -1220
278 637
1350 1110
-391 -1694
1706 1568
-718 30
-1239 -929
1011 424
450 -611
77 1602
1599 -1593
1540 -507
-764 -360
-60 -1330
1139 1614
-1297 -627
112 1
-108 -758
-1702 -1826
1454 -17
-172 -21
-1703 1967
-307 -1495
-210 169
1669 -1679
-241 -1872
-476 606
-223 -1968
1001 1
1174 340
-86 638
-1337 1395
700 -1654
-522 -1901
-746 -974
-751 652
58 -1558
-1359 762
-1221 777
-89 -1097
1747 -1954
115 1375
-1557 593
1612 782
-1508 1643
21 1948
-240 756
1581 698
-1460 -602
1501 960
-1673 -1719
-657 1547
1042 1313
-582 -263
1728 -895
-576 -1733
577 -106
1880 1415
334 1395
-136 1798
-1068 -1476
1214 -248
-1372 -1591
609 -24
1521 -1085
-525 342
-1352 -596
474 1072
841 1240
998 -358
-1966 362
654 202
-339 1430
998 1074
1058 808
1813 -532
326 1791
1283 1611
531 -722
1907 -251
-496 1441
-823 1668
211 -1485
-951 55
944 1938
1700 1171
-1815 1898
1770 1893
-264 256
-1661 998
-578 -1376
-309 -1794
518 1204
1091 875
688 -1797
1011 -861
-1816 -1849
1216 430
535 -1125
-959 -48
735 865
1954 -602
-566 -821
-1036 -1354
1452 -1349
-490 -212
-1130 293
-36 1589
-32 1419
-392 -1800
-1197 1836
-843 -1716
1695 -1921
297 -1721
-934 -561
1294 -1883
-419 -1336
1488 41
840 608
1962 -429
-1311 -910
-10 4
-1690 1858
-150 -1285
1932 478
-1793 1557
-354 -180
-149 -409
1377 974
-1986 -1791
-353 -38
-1641 -1213
326 994
-1865 1351
1517 -494
-1938 -906
-1499 -1086
308 -1272
-264 383
-1994 222
-1394 1035
-89 -1323
-387 -1934
1371 -1931
-504 -191
986 -352
593 -576
922 1731
997 1624
694 871
-346 -586
1868 -1961
-1958 723
1630 24
-992 -534
-1866 -1086
-391 926
1612 391
-103 -756
773 950
-347 1494
-1054 1635
519 1503
-817 882
128 156
-777 1243
647 -611
273 174
568 -1974
439 -1421
-1336 -1744
1313 -1482
-1728 410
-1705 -605
685 750
-1667 -1719
1105 1357
-316 -1144
486 -897
1421 1221
43 -970
238 -1080
170 600
707 -141
-1239 260
1794 -1352
-1565 -614
842 -1693
840 -1973
605 -1427
1253 -1815
729 912
1250 -218
-32 -555
1151 674
1308 1162
-801 1871
-1706 -365
323 -515
857 1885
-940 -1568
-1404 -65
-171 -525
1438 -972
-1214 -474
-1016 1773
235 -1781
-822 703
1791 -1696
-212 1722
281 -104
282 -1588
736 -1551
1714 1405
-1767 1883
338 616
-466 -938
226 -323
-1684 -1972
-1790 -845
-119 980
-971 -234
-153 -1736
1943 1079
-1920 -121
860 -620
-394 332
-560 -1650
639 -684
1492 -1703
-26 -176
1521 -412
1310 1478
1387 2000
686 -1246
17 -1653
-1087 817
34 -1663
-564 1508
125 1964
954 350
-15 -362
-691 288
381 504
-375 1246
1540 1984
-981 1058
1577 1530
-923 1001
-1279 1335
-935 -604
-1956 -560
-208 -599
472 1339
1917 -1309
540 -298
1351 988
-1985 -1258
-1792 1872
-1495 -1180
1263 -1980
1223 -1909
-1257 -983
281 -983
-23 -1700
-1328 -1972
759 -508
33 -104
-1735 -1597
-1749 -18
1035 446
-770 515
-1857 1235
1281 -1840
307 -3
1694 -1846
169 1521
1492 -1660
566 245
-1140 1726
-1582 1216
-970 -1223
404 598
-1333 1983
-1358 -1957
1578 -1838
-929 269
-1181 1129
-19 -1582
-731 181
-1808 15
1676 -1097
991 1685
99 -6
795 64
-525 -1678
1990 -1166
-164 1538
213 -335
1340 912
363 1030
399 -1617
-1114 1251
-1627 1629
1935 -1923
-413 -1795
-1658 -805
1788 -1062
-1238 1539
-701 1627
-1759 -1278
1807 1755
-991 -421
603 1844
-267 -1696
1794 584
1797 1447
-419 -384
-1955 -1205
-159 786
-941 1389
1823 1176
-1978 694
-424 413
1569 1785
-1277 -1873
-1462 -362
-786 1023
-1567 69
-176 -450
-1644 1140
232 -43
-234 464
1591 354
-375 -7
-591 -712
808 -515
-1860 -1394
1108 -1805
-1470 -1073
-471 -1627
-1674 -342
-1320 -1573
-834 717
-377 -1943
778 -1441
1722 366
1891 32
-762 -415
876 -1223
-233 -329
377 1026
-453 491
1225 1604
-1262 1906
-1281 1911
-1623 1299
-1375 705
746 1700
-1311 1826
1906 -1216
-1077 1060
262 72
550 -126
-1937 -1836
687 -1341
924 151
-425 -1911
-1766 -1007
-445 -739
-1333 760
-1873 -1133
381 -133
-408 -1843
-1225 1917
-121 442
-19 -1681
666 -1470
1823 -44
1842 614
572 1057
181 -1531
-335 972
1435 1602
-1631 1665
-629 -1491
150 -940
87 -610
-690 -1878
987 347
910 -348
-1035 -809
-1339 -1612
-1773 334
1483 1356
-832 779
1667 1993
-516 123
907 684
-32 -1636
1307 -425
-548 452
815 -104
1857 -391
1448 -116
569 280
38 -1718
817 -610
-133 -1293
991 -495
18 -1700
83 1664
630 138
-1124 1657
-1232 1874
-1650 -1699
-1658 654
1642 1957
-200 -1822
5 1738
-1106 -71
-1245 1268
88 -1094
-152 1215
-283 1619
-1142 -1266
1067 -908
61 1848
1998 515
-1355 -1108
288 1700
-84 1878
728 1961
809 1485
1839 -296
845 227
1652 -1921
1148 -737
-1066 -60
1161 1451
-160 -731
-802 -773
-957 -2000
1644 -490
1871 -1586
-708 424
-1892 -376
20 -1265
-1961 -1742
-590 1770
-784 369
1969 773
-1653 -467
-854 1639
-1414 -1997
-1668 565
738 1440
-232 -1149
1584 -1192
890 -527
-693 -1593
1267 -1836
-660 1110
-1
