1000
553
392
760
891
106
631
473
140
131
706
305
256
285
702
445
600
895
134
462
233
88
372
678
736
438
320
383
502
801
954
249
343
965
217
624
954
299
393
381
668
528
186
966
959
769
45
120
943
762
763
98
309
879
834
734
723
461
250
456
907
966
51
606
515
358
907
196
952
584
621
330
266
916
710
203
342
814
18
333
54
815
121
811
174
364
936
698
296
256
665
305
597
46
99
242
634
321
393
824
772
516
858
85
874
755
362
217
617
235
719
150
421
832
292
937
671
237
275
733
274
473
874
917
698
790
519
38
585
944
530
675
354
643
865
222
78
644
693
73
131
381
712
745
410
165
61
73
508
373
464
200
347
632
224
710
829
579
78
514
919
110
699
345
518
1
32
136
306
242
569
989
217
484
990
4
182
442
96
253
450
821
539
356
706
342
189
520
671
190
757
137
757
374
693
714
186
386
414
708
184
496
529
891
319
199
412
363
726
343
950
974
229
50
701
738
501
620
461
305
69
648
581
651
154
482
456
218
111
607
490
227
848
989
972
448
354
485
31
236
439
505
588
326
508
641
546
147
414
370
63
314
588
707
474
801
533
809
190
139
976
265
568
284
560
730
770
177
744
990
817
221
119
401
923
593
840
397
783
659
979
867
672
546
899
3
376
960
65
210
707
703
610
733
842
941
280
607
346
423
257
165
96
877
66
415
135
566
975
383
46
366
783
211
950
647
782
883
980
503
80
18
941
349
744
57
753
554
404
627
869
843
806
491
18
576
657
613
903
781
636
222
809
887
303
488
805
979
25
785
753
728
885
920
650
6
566
400
34
429
384
900
50
391
266
181
606
788
916
975
400
516
328
729
998
205
391
80
502
266
685
799
855
404
663
830
319
68
388
8
475
267
524
263
833
300
923
604
191
760
576
59
308
226
399
265
162
552
674
741
17
857
862
119
537
432
609
321
251
769
589
555
735
303
158
258
921
876
984
101
160
214
248
532
318
712
147
156
206
20
35
958
369
218
621
828
52
399
995
271
933
213
865
43
994
75
346
579
671
275
245
529
764
3
850
103
141
36
830
642
989
517
446
767
471
659
333
632
507
13
516
988
98
934
582
495
476
884
36
661
316
355
565
238
656
273
220
981
207
214
917
731
505
565
721
871
739
806
261
675
171
683
646
95
197
724
706
381
903
297
464
379
450
411
407
8
109
542
902
952
258
639
560
364
842
198
134
444
659
738
321
733
235
282
330
220
842
849
706
592
819
334
531
331
628
718
229
40
466
736
921
24
38
751
754
539
604
275
836
615
123
845
927
757
423
398
122
298
818
26
589
132
82
40
694
381
891
195
638
238
679
172
435
790
946
85
127
952
350
881
900
933
28
382
566
688
522
520
171
16
121
736
417
333
359
309
11
140
958
408
418
679
250
125
559
678
389
793
842
40
854
568
670
400
279
28
624
79
620
83
787
39
403
304
7
10
521
37
672
759
174
631
210
677
147
525
821
580
662
454
280
163
644
313
742
233
774
177
57
26
459
348
367
456
420
483
813
934
14
295
970
542
878
346
39
509
589
184
981
981
481
948
935
280
866
233
548
653
249
365
835
951
880
535
57
164
279
671
317
604
167
660
484
842
922
853
482
789
423
370
592
978
937
410
509
839
748
495
649
223
194
975
929
889
483
486
121
628
200
84
782
199
899
886
223
840
923
27
563
92
345
73
757
814
957
343
950
367
768
582
227
565
297
111
218
398
876
958
321
400
381
968
370
607
30
252
578
602
815
388
730
754
688
386
114
175
707
11
304
488
349
467
127
628
329
962
191
820
687
632
610
724
915
261
652
602
265
571
304
328
233
708
66
107
779
939
184
200
482
491
842
391
26
683
277
385
269
842
589
429
622
98
514
338
294
966
60
139
729
28
735
300
794
129
804
14
973
1
241
591
151
60
378
150
755
79
565
773
384
450
480
954
740
583
813
505
981
772
814
251
276
638
337
670
445
660
568
727
776
849
335
438
498
80
365
965
528
216
111
186
219
924
162
416
214
988
163
230
843
183
641
692
289
805
775
716
388
795
609
245
397
403
169
710
799
618
661
139
706
536
851
25
456
42
440
211
638
28
797
415
105
575
869
891
335
607
908
614
822
685
709
965
727
483
419
745
459
598
997
426
434
181
680
920
417
892
850
468
840
857
409
411
978
954
445
747
818
275
264
517
103
140
764
132
992
796
189
122
524
128
65
804
394
100
137
596
488
881
308
796
800
301
455
79
679
393
676
306
818
203
401
755
978
284
183
453
917
174
83
809
233
492
88
428
765
116
823
437
438
732
251
342
351
284
269
675
561
18
643
76
561
839
694
465
213
105
35
919
400
992
79
152
713
30
730
446
385
761
258
749
784
131
548
438
419
699
568
450
14
624
691
105
398
297
834
564
839
462
766
306
279
785
10
839
736
349
847
200
114
249
124
370
932
393
604
88
327
195
32
763
221
987
53
110
97
447
434
106
577
783
163
215
534
466
355
192
554
219
618
465
779
339
174
272
28
276
746
112
596
683
516
900
466
366
589
190
781
758
816
723
63
37
419
94
365
519
787
804
968
635
746
716
204
947
127
256
400
610
111
441
839
642
761
858
897
804
807
62
342
609
991
582
798
931
726
660
260
227
68
399
997
361
898
105
241
377
27
809
380
222
658
245
228
429
850
391
733
973
121
356
384
488
495
307
785
747
731
803
594
722
604
90
686
954
369
588
952
871
273
686
792
388
454
507
811
452
187
232
52
353
10
420
148
8
968
928
91
618
300
205
80
376
563
873
147
866
123
65
90
260
928
666
456
69
195
631
101
203
539
29
859
822
902
234
991
381
322
88
401
895
530
906
367
116
811
298
843
966
64
123
541
360
34
611
62
303
47
350
28
735
61
736
948
457
502
312
129
637
353
63
768
873
990
451
494
180
71
580
818
511
946
33
365
847
869
595
766
95
394
88
903
186
246
538
850
470
287
430
169
405
910
966
594
386
694
736
993
163
746
593
949
827
57
198
762
737
203
116
138
406
789
803
306
931
292
529
845
946
364
183
778
718
869
524
18
883
202
642
825
77
99
351
331
299
278
148
387
242
485
158
713
720
654
227
887
677
199
239
418
415
235
864
282
56
527
170
371
255
242
405
973
11
57
81
176
543
977
406
523
670
30
210
54
679
492
728
929
792
609
58
379
282
294
40
542
647
190
495
7
365
860
779
689
468
619
359
448
473
836
87
728
345
770
292
425
720
632
680
710
219
817
754
385
998
61
816
707
811
992
417
640
662
243
682
221
265
202
702
162
264
718
896
719
866
275
106
910
34
870
467
831
713
846
936
111
495
223
695
714
327
862
339
583
529
814
352
33
257
915
830
108
274
577
651
218
888
325
279
372
871
810
677
65
338
847
246
66
984
436
279
167
491
870
41
872
411
131
232
113
86
172
285
137
79
138
244
58
215
902
29
114
631
389
842
851
472
477
380
215
402
928
602
50
890
791
246
800
650
495
970
985
959
296
808
757
622
182
518
914
17
82
613
776
31
598
553
387
876
13
904
792
560
774
61
954
107
244
359
726
179
421
867
445
106
867
4
960
26
25
749
532
120
395
52
826
93
380
495
454
553
188
67
58
728
783
850
612
399
552
178
620
892
257
771
889
551
341
249
840
247
495
524
334
338
427
352
243
114
300
510
412
226
486
100
992
571
147
67
688
904
12
269
272
781
834
76
222
398
606
598
284
162
391
633
873
714
97
511
639
55
254
383
317
644
858
578
730
201
360
196
612
964
707
419
833
671
652
946
505
54
746
764
625
393
87
568
888
781
651
160
527
834
543
333
114
867
148
960
893
118
404
79
342
540
444
68
39
36
633
961
784
963
204
455
156
526
580
358
960
955
677
11
236
330
163
433
987
516
321
145
208
845
877
736
176
748
727
332
370
897
155
484
378
708
19
675
89
713
236
763
731
359
532
655
187
89
59
453
597
134
355
569
947
702
37
489
773
230
571
140
644
444
854
129
307
708
509
216
206
244
892
440
635
399
487
461
537
785
801
898
904
151
984
756
193
454
366
879
951
432
819
251
939
795
52
19
482
282
943
538
141
568
188
825
457
973
746
123
198
237
774
932
760
237
840
541
132
386
409
56
652
144
497
498
305
875
573
749
6
21
352
186
698
115
867
947
392
168
642
852
661
766
399
646
509
624
328
174
803
771
865
352
952
27
529
598
672
621
129
460
933
966
24
852
852
984
12
693
941
940
416
407
109
319
489
872
784
978
384
605
801
544
971
32
200
211
542
576
710
399
961
187
489
577
890
23
392
972
250
981
941
495
133
7
973
397
464
252
866
330
84
499
154
133
733
680
470
560
843
963
151
855
756
151
150
853
228
272
539
513
70
433
35
869
371
921
840
475
996
191
912
293
3
634
972
923
738
413
770
27
91
532
740
766
635
30
739
355
686
700
290
141
69
441
992
856
618
839
911
753
926
145
172
608
44
982
437
140
644
979
872
211
904
291
465
760
787
17
624
50
783
184
210
303
807
340
841
423
559
315
133
738
334
19
265
650
707
631
772
61
176
834
820
704
873
280
86
751
255
411
972
765
699
400
265
303
571
722
707
971
52
838
762
439
111
19
721
237
683
669
524
339
121
52
30
102
528
924
933
471
421
626
97
623
124
860
890
657
310
724
95
65
256
65
166
436
857
358
437
145
421
691
802
64
820
428
251
644
198
343
707
769
503
777
188
904
633
907
862
719
522
717
618
835
987
341
48
610
226
995
819
559
538
140
903
206
476
605
406
140
438
52
364
501
452
55
272
534
348
681
996
326
470
158
389
845
412
788
141
441
268
243
346
927
748
563
889
677
48
86
395
738
364
883
487
502
502
982
505
348
566
419
852
301
813
786
119
781
986
249
627
69
536
421
139
112
834
667
439
809
147
710
698
726
206
821
197
338
505
284
566
685
20
948
619
887
297
685
961
353
701
69
938
676
413
889
862
122
269
160
929
610
265
960
62
542
912
368
454
392
988
232
59
368
786
623
889
948
387
229
57
907
177
957
458
234
14
949
559
131
543
860
446
694
173
91
242
50
315
655
144
177
695
523
586
243
440
36
267
353
285
895
638
513
541
811
625
234
995
304
251
137
406
386
253
106
568
303
21
238
739
478
760
182
699
566
884
120
761
187
536
66
669
358
685
735
735
935
209
676
100
724
880
713
731
583
936
502
35
397
112
20
793
237
398
981
971
970
130
948
34
925
51
13
88
389
943
958
737
297
889
994
213
134
4
773
723
488
674
741
995
442
851
719
967
395
270
891
765
138
775
482
372
536
313
707
900
765
733
528
922
390
624
729
733
679
337
189
607
494
699
182
337
889
435
134
107
909
87
247
949
477
965
646
611
834
459
231
797
119
53
932
216
789
312
255
233
901
782
147
285
934
133
102
225
763
922
534
246
358
952
427
532
565
137
329
594
13
104
846
255
743
234
962
597
219
790
371
520
711
950
569
498
544
908
974
422
596
515
783
31
507
74
17
9
499
226
900
539
647
830
626
832
330
85
626
175
929
442
802
769
878
980
259
362
519
52
397
955
321
225
381
513
51
401
486
769
370
309
485
666
554
454
188
64
672
197
955
956
812
514
281
90
396
159
694
238
910
580
695
446
881
599
466
345
554
93
2
266
384
793
886
309
736
814
22
529
320
13
530
61
301
193
69
942
57
973
128
204
333
277
717
264
722
980
145
538
128
885
184
20
667
558
711
217
139
451
81
852
929
406
560
521
8
499
32
665
229
177
141
458
337
38
710
482
221
856
628
391
651
736
79
645
776
284
605
86
190
621
51
8
291
724
492
564
546
391
296
656
890
799
273
189
175
176
545
260
586
656
435
514
208
573
984
749
991
552
864
220
73
401
748
774
535
690
735
364
432
53
119
735
652
882
967
251
975
978
259
736
354
664
697
1000
328
272
997
794
512
49
41
128
293
337
473
479
400
167
713
705
408
34
98
159
842
743
853
75
245
552
305
237
304
513
456
289
431
365
587
771
510
220
754
307
395
485
611
482
663
717
750
288
131
768
79
638
789
645
371
188
802
626
601
580
251
90
173
732
209
804
126
492
496
822
538
814
528
351
49
775
176
286
349
943
21
814
630
393
492
226
489
136
125
104
370
199
903
748
341
398
857
746
289
670
799
724
338
392
227
735
588
795
497
929
87
639
59
332
888
333
324
240
104
508
289
908
194
55
815
341
143
700
738
203
815
333
77
708
278
356
977
93
387
645
906
884
614
600
409
78
6
736
112
77
507
405
594
201
676
908
280
301
966
725
26
166
605
891
254
173
702
178
509
962
731
710
701
507
307
523
144
563
773
603
74
377
38
967
501
29
254
283
208
725
893
416
958
715
877
649
849
145
405
892
960
515
790
415
409
519
208
392
365
423
979
776
330
657
16
645
983
244
493
602
152
623
951
497
84
184
404
848
154
861
462
224
69
857
269
531
248
672
774
927
294
582
994
362
348
201
17
251
836
700
464
997
341
25
65
585
3
865
827
250
815
111
184
621
337
377
30
382
89
22
167
406
171
824
310
236
770
695
468
239
851
1000
33
663
358
194
451
564
834
957
769
134
381
178
994
591
378
477
610
338
364
466
396
605
936
139
543
224
60
957
638
1000
597
737
864
47
551
325
492
824
911
544
618
474
443
132
733
322
30
287
590
356
860
807
99
176
285
736
767
170
945
260
984
8
666
94
273
23
957
97
82
409
983
660
415
710
919
179
285
481
277
511
176
543
330
541
733
315
864
468
490
857
115
19
698
786
414
171
260
77
762
784
665
517
469
96
261
245
893
167
784
544
29
669
54
806
1
522
740
248
71
623
680
1
357
202
909
792
469
717
670
161
37
497
578
184
102
730
192
671
886
675
386
585
378
595
861
515
146
534
627
835
676
188
888
141
415
539
643
434
588
899
404
955
322
685
551
480
602
495
331
876
692
767
630
846
710
427
752
867
566
574
367
341
399
241
91
695
724
465
295
912
750
788
924
761
534
633
660
959
273
204
772
730
437
313
307
953
131
224
862
770
728
869
506
864
231
568
441
410
947
550
345
185
696
438
302
574
770
757
447
420
136
60
336
249
39
869
250
994
815
362
816
338
914
664
704
241
776
383
35
946
29
85
67
132
408
782
874
698
239
378
675
303
511
461
807
530
943
552
934
461
830
623
72
717
486
601
302
271
417
262
407
388
539
841
233
993
745
582
604
542
394
794
422
703
89
323
252
702
756
911
659
703
903
900
778
997
618
597
839
547
971
34
591
29
650
563
672
647
302
558
739
827
906
340
340
71
295
649
434
581
684
298
159
355
273
541
376
183
980
992
766
486
934
66
485
903
919
120
946
486
182
281
721
73
750
965
463
696
742
616
643
953
39
420
253
783
185
624
241
131
189
480
472
428
206
66
69
859
541
139
566
257
105
876
565
165
40
15
309
95
133
593
131
557
567
144
879
288
710
676
400
405
139
950
200
347
391
545
685
874
99
655
526
186
972
304
126
595
571
668
321
730
10
143
277
256
771
565
89
108
229
48
28
119
317
545
574
314
499
110
731
984
128
54
609
512
329
867
801
791
794
651
250
303
252
825
442
144
486
989
978
363
766
355
463
14
616
597
980
403
12
833
901
262
443
670
534
45
599
305
679
780
882
304
239
478
371
38
251
907
572
154
765
962
962
879
157
43
573
117
240
305
739
328
786
315
824
943
510
258
400
207
435
48
48
275
981
94
883
439
555
351
137
119
26
246
454
783
519
928
740
936
157
690
558
839
674
226
445
733
92
462
958
925
433
315
657
521
376
54
960
171
188
533
62
17
832
926
753
184
840
61
756
403
241
452
469
87
846
351
771
494
391
761
679
15
982
617
121
420
633
760
856
754
936
31
827
366
733
798
584
528
31
321
956
964
984
976
284
950
778
853
176
675
491
443
450
761
320
106
35
778
140
823
584
448
730
812
117
322
206
643
746
405
256
91
96
259
891
36
679
103
846
637
472
363
878
954
207
266
999
573
110
70
279
664
788
203
365
768
556
760
295
606
8
597
810
417
72
475
508
577
198
659
470
152
983
136
877
600
846
720
829
478
421
498
64
570
60
20
163
850
746
910
750
75
221
181
633
584
120
804
569
104
275
332
354
535
26
986
425
36
324
871
725
992
7
389
988
480
98
499
281
177
566
862
134
497
538
766
841
960
411
769
870
978
453
39
946
516
141
576
633
268
447
886
996
585
844
392
477
316
486
256
260
512
732
601
314
586
298
936
984
203
34
623
70
233
478
539
334
478
99
711
656
273
126
452
126
546
923
962
946
138
43
183
448
160
145
705
497
444
174
724
155
826
545
191
85
35
641
613
301
336
428
896
706
837
494
989
358
187
79
108
714
884
978
78
896
839
844
18
805
225
336
678
101
134
729
659
65
897
209
569
592
137
14
22
704
435
886
617
811
704
885
976
493
563
128
278
761
469
890
494
312
289
416
322
413
115
22
272
902
641
420
731
635
95
684
119
584
308
545
891
786
868
651
648
191
291
951
933
466
236
61
877
631
467
929
970
722
376
794
386
406
361
836
117
31
532
623
846
857
945
581
86
496
882
638
63
288
990
691
846
361
218
69
261
44
321
833
194
123
211
146
6
835
91
540
325
86
687
128
837
610
135
156
958
517
432
206
873
95
785
58
841
939
691
723
909
749
494
683
890
13
442
475
821
955
135
51
692
39
864
367
352
299
224
618
949
175
224
475
739
442
683
503
538
963
539
714
704
734
911
457
348
611
128
232
571
339
952
505
771
336
863
90
98
803
587
667
982
456
182
817
608
338
464
950
795
45
38
119
464
667
930
511
328
389
381
581
245
249
152
487
760
427
427
787
110
186
830
5
607
269
141
1
422
289
74
671
547
118
283
464
323
100
341
527
166
508
274
251
740
850
584
723
723
539
20
221
569
435
389
765
500
596
604
577
927
775
523
750
615
595
469
720
812
192
220
49
50
95
446
705
5
179
129
75
665
89
417
129
413
917
337
390
76
678
511
10
420
880
701
56
511
914
779
12
489
313
406
93
837
252
24
688
758
71
424
210
183
537
264
967
400
352
45
301
133
613
388
686
714
602
42
720
77
245
563
177
473
423
463
570
489
637
471
163
328
326
656
398
839
550
300
411
527
654
307
394
134
589
755
17
552
941
213
280
68
522
290
463
942
412
170
243
268
479
135
645
360
578
763
298
829
808
264
915
674
995
253
986
813
397
396
780
59
234
100
654
9
285
746
384
218
901
644
188
264
417
928
287
682
273
732
435
790
893
57
607
155
452
993
399
777
832
589
268
560
385
97
525
443
283
587
795
887
34
684
238
387
394
866
307
945
546
185
842
638
894
2
58
388
943
703
649
822
902
708
202
202
774
711
167
679
232
405
104
179
722
232
648
277
239
946
147
190
194
48
377
329
716
733
372
225
497
437
250
146
406
667
734
79
613
517
921
971
769
809
621
569
811
76
519
332
168
985
312
221
999
749
306
849
803
381
988
681
58
444
656
631
510
994
468
707
971
808
716
984
401
304
629
985
242
212
76
649
352
264
687
877
778
431
673
389
418
103
273
799
958
892
812
918
981
754
762
616
347
508
657
91
164
312
543
511
738
754
334
582
621
849
172
224
793
477
295
165
887
386
725
662
468
423
290
722
117
788
107
567
958
776
473
285
595
457
462
615
277
961
275
851
756
231
398
709
424
786
116
486
692
594
144
730
83
497
363
788
422
774
83
141
804
814
982
116
826
942
714
428
390
624
628
203
373
483
855
658
748
683
782
153
45
53
615
840
271
43
734
924
72
666
582
913
940
304
127
209
861
202
611
339
600
873
473
157
705
222
458
236
208
928
341
502
843
199
723
422
782
974
340
720
530
880
566
50
602
845
295
749
350
37
389
354
927
349
65
765
50
800
546
696
875
563
965
161
419
132
638
82
503
465
862
905
667
33
343
746
352
981
457
886
543
238
538
531
172
583
208
588
414
273
875
2
972
557
805
704
46
44
942
758
175
66
118
650
28
943
388
939
932
273
347
160
4
347
983
599
365
382
195
65
779
764
397
93
810
258
317
859
472
646
404
513
527
835
817
398
452
801
504
218
150
472
616
256
285
595
464
593
845
707
874
977
649
694
331
882
140
777
880
88
11
449
984
487
723
32
611
855
464
162
15
743
274
37
957
159
380
232
68
904
616
766
862
461
215
91
860
704
199
933
579
175
577
927
163
177
537
306
178
280
888
544
578
311
421
557
645
637
613
196
117
758
987
116
512
365
690
658
310
517
77
914
785
971
558
34
317
103
893
956
432
467
122
579
905
53
799
594
870
748
27
406
952
812
143
562
415
469
335
886
926
716
549
245
80
36
516
645
638
699
910
759
211
257
644
537
599
338
115
425
838
116
990
918
267
51
576
381
643
816
581
120
222
586
526
474
910
663
505
69
603
973
212
9
143
785
834
794
325
823
979
445
921
231
528
868
87
392
467
737
654
703
376
207
459
526
555
539
549
569
980
850
710
318
665
81
391
768
221
229
659
802
302
116
496
75
556
585
262
382
854
702
535
87
114
467
747
214
657
913
190
159
213
657
583
511
493
647
938
553
690
974
796
304
987
365
495
956
434
425
424
323
340
314
111
647
922
452
589
414
769
620
386
900
707
195
816
837
690
406
707
430
890
326
71
526
997
739
202
33
921
284
6
193
402
34
532
178
890
442
320
197
293
423
981
8
719
912
202
691
652
758
838
554
271
67
72
881
276
154
637
194
381
457
603
995
286
869
40
662
667
947
984
793
306
40
41
694
569
164
480
359
881
351
884
731
390
725
114
42
352
735
132
68
705
284
64
185
860
317
591
630
716
825
834
756
269
30
907
358
522
326
528
699
570
566
219
348
962
585
693
991
597
24
932
108
617
368
442
623
348
237
11
668
350
43
636
956
585
299
206
680
601
98
673
593
506
537
156
731
60
729
97
820
852
722
465
63
860
724
579
240
64
173
996
145
660
429
250
841
89
147
80
737
294
322
131
4
16
327
969
840
764
649
343
219
378
604
865
821
66
779
873
589
269
557
394
36
136
961
361
759
730
811
849
215
512
9
431
754
212
644
840
379
367
378
273
889
390
290
26
625
62
763
545
299
931
566
440
300
491
5
65
542
342
410
176
200
740
135
207
831
456
481
364
879
352
388
437
522
53
585
930
901
359
972
595
231
679
938
400
255
421
342
237
182
979
105
628
619
656
457
740
943
342
414
174
801
622
964
791
293
616
880
