010000010000000010110011101111000010001101110101001001000011001100010000011010111000100100110100001111011001101110101001
110100000100000100100001010000010010100000111010100100110111001110001110001010000000010100010010000100000100010011011001
101100010001000101100000011000110110010110101001011101010110000001101010011000001010011001000001000100010000110000010101
000100010011010011010001011000010001001100100110001100110110010000111011001100110001001110011010000101010011000100010100
101110100011111100010101010100110000001000010001100110000100000010110000110000000110100001100000010000000001011101100111
001101010100010101110010000001100011001010100111110011001011000100100011000100100111100000100101010000000011000001101001
101101100100000001000001000110011100010000011011101000010011100001101010100000100110000100110101010100010110000100110100
010100000001110011100100000111000000100100100000011000110101101110100010001000010100001000011101101010100000100000100101
001011000100011000110010110001010010000101110011001100101010010000110011011100101011000000000000100101010011000010111010
101100000001000010000111001100010100001000101010011100110111101001011101100001010110001000000010110001011101001100101000
191 171 171 192 193 174 174 174 194 194 176 195 196 160 197 178 146 146 146 147 147 180 180 180 180 198 199 91 91 91 134 134 200 201 184 184 202 203 138 138 186 187 187 187 188 204 204 123 123 
162
