5000
-79997071 90732223
-50034249 18380932
32732722 37042714
-27477696 -50648110
-28584944 85488398
64720182 -39778524
14449802 -84448679
-12657557 -54089161
-39954868 20725867
-38193493 -21988162
67187159 95628841
-90800483 37516975
60272033 -78320330
-95297215 -41540252
-64301047 -59607767
-39158165 -50529120
-37356659 70956828
-51508026 -28163183
-95465725 30727743
67299520 -49036688
-49619458 7638958
27498062 -79575018
59976288 33308329
2199753 -98837589
-52781060 4593099
-77232188 -11294838
-75541945 -11974805
-55221911 -84687923
14251161 11213368
81968661 -49151653
-24491957 33104788
43060558 73410724
-155240 -97295375
-8383684 25760035
18084992 4101747
31099229 52192298
-9794132 16714626
95614087 -80171398
-40566674 88597220
-84147982 -60956450
55967090 66741166
21572277 -55283523
-91504636 -70923641
57127951 -44703207
-97240457 64468844
59486109 6341537
-35975656 -32248225
-29100400 -65768467
61209441 -96031718
29764957 13051645
30770294 -48670514
-27367518 65313873
20532182 70316363
-80682969 76780583
35948324 -65363029
78564458 -21001467
-29547595 40638716
-97109452 92427255
-19587470 49859097
28550944 15101774
-22220738 80123646
76973763 -49879905
-15164837 70974438
6539487 4287550
97570296 47721534
-54586501 -7706505
92610032 30849570
-29664711 88526729
-90845661 79334802
-7895940 15151707
-6893287 -52027750
72540319 46655966
54026524 -13418603
59352529 25255434
53193462 54078988
69835959 -12356959
4321367 -86138219
2336623 -9501654
24075789 -47697622
97590719 -83835148
68456563 57514165
-75568894 -29937880
68896961 -28371715
12052621 -66233140
-42368856 82836899
-50171138 41546889
-44585128 -89581608
-7118364 -77429006
3195460 -39842000
3406167 82707103
54417133 50164294
83451947 -76634152
-57257014 -21086522
42585632 84974643
60809514 -75268319
-67858331 46993016
41314210 -43637251
-78361301 96138751
-40139770 -514085
50531216 81918346
-70575138 96964796
-53987916 67031524
25644558 -18737679
-1215390 11704129
-54035896 -10854562
-8940957 -34005116
-10226710 37647379
-83347393 -51031948
18471327 -34575760
13078664 -25460122
-98716007 16681155
74432623 48317369
23148919 -34596923
-90843591 87586765
-56158618 -49495598
-57597052 -96393352
71831558 38966588
-13311193 -66264344
73691378 -25752449
6076577 80055645
-20893726 -36473893
-35297776 26765324
6642289 -182511
-37568909 17519544
-16062105 -75014331
17771561 -83297325
13814616 -35651603
-35331991 99895204
17462040 87050417
99570220 69516360
-51332551 -12992584
-32781369 94192657
56909782 -71330961
28207739 -4340485
77268455 -46787537
88412217 46012650
42459942 -78607709
44068630 -69157904
18971343 72882489
27372531 -91818524
81295277 1140771
48189563 85797113
-39512905 -88649608
-69622290 -28181225
-53862540 5176557
-96214225 -87480319
-6578218 54066577
-65611789 -93282690
-64901438 5397411
78382279 62731544
-46125676 36808015
-65167722 -31468542
17236842 -36566401
-2998715 34799331
-96019192 86428686
19450712 -56212313
-99988869 -58454534
-30441702 17944353
16280596 29487124
-7609940 96504976
-18628480 -15833428
-81627028 66965633
67199142 -42929278
-72177318 -15990923
-39974668 -78318000
-46714547 13486212
41090675 45742557
-61347363 93130335
-37306282 -13065576
65933691 -77206783
71217053 2722406
17797587 -30937165
-90027672 -746254
-3141809 -47683778
-98094835 44884694
9559400 -89085109
-20611756 -36858337
17699401 -51308066
10559137 31243067
34000961 -13671961
9062248 -69544374
5302665 -71297343
-48921800 81384193
56530965 88537156
68569270 35590602
18147684 4039622
61431333 -35440389
-78853340 82043967
-17602108 55375125
17867747 -46130708
67077428 96808851
-65453044 -16320561
-56791540 53469031
93094460 88028957
-18642102 -90656766
-71202234 -11072615
-86190632 -75596382
90920926 -78015575
-11229641 64882302
-65879099 37303458
34518965 97326238
57568747 -57077787
40100261 -94274891
89330187 -75210301
21750179 -70019939
-4381534 -73843352
-61308466 -22737684
-63940307 7390036
1457570 86305969
-8470222 61253276
-45433904 -62718696
58170701 -79960864
73760394 -36514307
90233350 -99558048
-93562235 41138602
46748542 93925585
65847930 -53730818
345519 -87817742
-94410566 -46689308
36356317 38885675
-48166941 -35919557
-41816197 34041856
52033990 59109635
52256168 -86636618
-18770516 -45479602
-83069719 -29969516
-79428523 -74289398
-45451170 36693130
35373996 -86925497
-10974373 -46346742
24512806 4152041
-66907058 -37870777
25240816 81398745
34165060 86747068
76248964 -84489568
92144879 51473777
-24786652 -43509430
68609719 21773875
-60970555 -37468077
27616240 -56390248
-65813713 35154736
51120073 33785741
82947395 -70251654
-42020882 53746219
-10781546 -13250850
-93532394 -53654881
-91534478 49624742
91386963 38307452
-22258905 52692635
12530334 93386513
-34641281 41338769
-85671528 -87217458
-90768089 -1683389
-52518718 24074581
-59869867 -39807020
42270565 -87932003
-37255699 12510564
-76324060 42539336
-25755575 -76586447
7335100 15615860
51073519 21583459
60734780 -64598240
93397351 -29515853
-38084051 -1265903
-25815873 -14235330
-32947838 -57575739
1926074 48005393
-34085657 -49316125
-63711421 -21511147
-6744823 29121464
-93624270 83025415
90053342 51932995
61400136 -22940350
62812911 -82760964
34658924 -12730685
-35757636 -44033398
-46243553 42733309
-22263536 49032995
-50731983 -67898266
-55217151 -39739317
57001584 92426306
-4071916 24359363
-64698186 57025408
-51996166 80476029
-76138117 54463910
20956691 -82963841
9205943 64274877
9558219 87165474
-45223116 -97999980
43072898 -22554603
-64791165 10780967
-48858232 31107596
73382173 -69090655
16357503 -78498078
-95111495 -98959552
-12632630 -95871294
-38863442 41370894
-724612 -77164360
47104998 80907872
49464705 -37773336
46442789 66354369
4247458 -71204621
-93347127 -7326326
73697553 97902980
50894105 -51522892
-11528902 -52527740
-82958555 -18796381
33385735 62004395
-19449203 -39133846
83871311 -33003694
39814595 59187075
29728689 21456252
-46792322 -69715727
30788570 -92193710
94578751 59433412
80294243 66405014
77655280 3514479
-1882037 22546972
81490578 -58465286
21544404 -82877787
78830681 -91300315
-69067769 54186798
-60764655 56603588
62067648 78219534
12461106 65442652
-90381012 -56422861
-56965532 40387268
92226505 -82501435
-66239255 18771351
-63032809 -53422439
31268280 7944728
-18654480 -15168341
769766 -8360598
-6998995 74417377
86274988 -433102
-88030051 -49186256
-59376577 -64469001
-89302601 41383938
-20916863 -48969268
-56213788 -20878171
81730281 3148276
96371124 45211861
-98621410 -32090995
-53820687 91322497
22373435 2198006
51584600 -14362062
23632787 -67445573
75148988 -5869980
-16186880 89558999
-34723541 57688909
-44723703 -18358869
-43851281 -42063151
50807804 15329706
89846959 -19542501
76073215 73311602
-95600973 -47974208
44952454 -57006776
72551433 68043514
-9498266 -9711275
-78094518 -61606743
-63831560 -53162871
76859703 99439041
-45922761 6401505
63789020 21561235
-6597657 -68724638
-6807499 87152904
-73576822 52053841
53710251 -30234832
-68998528 -3478740
10878618 -26479397
-42962952 -36598865
56767270 21191248
36925326 -34942387
-72683282 19702597
-71695775 -35931060
51296847 -42649099
-43861538 -68279721
68692633 -18956820
-43588625 -65598400
-79571527 -93410873
52010245 -73415644
29146954 -23738012
45280373 2599063
-15798970 -2415809
-5307512 -63904599
-74192396 27362838
-86115816 82188255
12510681 96057460
-65646415 -83811150
-91091950 -94304119
-48556057 -32038859
81543233 -22437975
-33653655 -19618190
-64724581 95789671
69411521 52430013
68586512 -99925043
-21978602 28996136
-80622030 -36259138
64725625 -29958613
-20895694 -8114121
42689434 32013117
-54880297 -61744539
29723655 43791215
-57796681 -60070369
45592948 -30768750
-40571143 43988916
-12955872 67600329
-59446390 -18965487
-68857198 4040824
-38956296 -78962985
54790832 -48304512
-83340107 49482521
-22468435 -8803128
-26026835 5127717
64615290 46599271
33611601 -35825410
-8849773 52044621
40139307 -85589933
-78647167 69048747
14690123 27123239
-47776768 33286813
9622230 60571123
-4082886 70368903
89927724 -8615712
-21893309 -88408633
4658828 20797092
27750320 49231596
-76779737 -14054790
-59376088 -79158040
65937909 12810093
-92640136 -23434419
-4867911 -15367753
34152089 -91528660
-2691503 -98693161
-15253495 -49525913
-72005511 62492946
-16410238 -32787497
-4194596 60895513
-72624584 -41082153
-8136831 11632918
60896226 16672785
17427418 -10097738
-91526998 -93693569
-51260016 24123832
-16426259 -76319527
2533698 -34373243
37500627 54448752
-81805779 -33262212
27542427 -53308560
-15525293 33415649
-27560117 81583045
-51809100 12167156
32174942 -99672720
-90993956 82492571
-92624314 52815229
-82024876 -87141034
8355259 -20187620
-25505278 53540150
74921548 77029190
38599987 -37418262
-71327647 80092034
21264103 -97202951
-44950813 79275111
-27445361 -18094959
-42365127 58355419
-38121389 90350809
10543197 -54046267
18941148 59697940
-13828617 -87717329
16072580 -32756477
81258259 92271937
-79013100 -79520444
70858909 44940283
-76758098 99656315
-9742951 22874832
43814526 -3963855
17888874 -96061016
-22051786 61721354
34923774 76058225
12994173 -14115095
72476695 21324468
73244972 68559040
46004462 4447252
2195697 -38654225
87234198 94403692
1407901 -96503225
88723177 -76456042
-34056353 95073651
58463709 6337343
46850888 68726562
35560045 38446457
39269816 -99757357
-97144941 64242902
9424193 21235531
-1532704 82206014
-33567057 39107740
-84845385 -21689267
27901148 -59057865
28623755 -84634610
67181401 -96687294
-77442657 81401135
-14947208 -78525354
-31542751 26092680
43155985 -35699275
26925770 -73306547
-10985325 24624342
85321938 42916632
-36723805 -8181876
65017700 -93760933
-57660780 -76297674
-34016631 6514766
-9739092 -95378410
-55598331 -10618005
11122112 -74429937
-68682947 94491758
-58909477 43922496
-83362347 7055912
-73102703 -60361479
95033487 50277043
-65807070 31052581
-70735666 -24241305
-13632510 -96221838
28466880 99361220
-50972186 -63412953
84565922 -3613331
-1391158 -99237867
19315403 -36193918
-46560455 -65601013
70505443 -23931262
-68486568 95865114
-95153247 22788401
-12180403 -45182582
29295417 30297214
-74894081 -72110660
-30083885 80317823
30619274 -12466317
72149641 63160474
41077616 -25561138
84379148 42342871
90917050 34592414
-3591897 44542799
8705568 11232006
63535016 20035196
-89097460 42717733
-64813234 -20882003
-46230103 64707895
-65345879 -5306854
-14181374 -360637
87417138 -8107350
-75004626 90317638
28720391 -87275675
-67644372 -74164854
-9619743 -34507935
-88096374 2698346
82211990 15363000
54840749 -73369113
25159862 -33521009
68002226 53726019
-65540791 -53255839
-32859060 18355479
20359242 87356401
-13737314 56614651
-73691900 45344659
4174311 99581539
82498929 80397583
21866724 -88302507
-43114802 2647223
66351997 44991712
-77810542 44427359
59073908 -73205139
21073990 -67218421
-53041989 1530838
-53704538 97615271
-17818919 15086959
-85052846 92398829
59428994 24346998
66421658 19220732
11462164 22981004
-51439460 92881579
55003842 6225967
70230764 34571188
73309776 73537729
-65416760 79149753
88235451 -57532797
-45493527 -48697536
-75138750 -99448423
20892533 -81638201
61864894 72737757
-84761494 47864668
-9719623 84124351
78692700 50967218
-15214911 -67030384
14958463 80162825
79742267 -3721731
-62579656 71376373
20355813 -85089587
-70349841 -29498676
-37344803 -7236861
-17327163 57299958
85816171 -51032419
-70617132 -14621280
-358263 4951938
-26974172 -95698885
-77272050 -33444167
-58886386 -7907687
-34523353 -699211
-30759090 -71126425
96979545 -30722484
-11454818 -8523366
82776293 29858031
-21158779 -88970525
-30893802 -1926331
-47904762 -38458052
98133418 3821525
63148727 79317408
-96506813 74508983
83214988 11611284
19664886 42447801
-6234627 -13025269
-34706440 -6550399
64167318 -14581595
-16408731 60713840
68850819 14685940
72239694 66401686
-47092368 -75369150
43916130 -79285586
-36110204 -40091760
91470421 19641177
-91046087 30501345
1373472 19446140
-86963761 -31698416
3412214 -53161851
67352203 -24689766
4936939 2839825
4780830 -40616978
-20952668 8999159
83836940 28210253
34963102 4952034
87661154 -6936633
46022027 24544505
-84662568 59013837
69294276 83306380
87558025 -51914687
-27201771 -33600946
55871805 -19766122
70796806 -75707967
77225537 -17103147
-98678789 29350786
-73352608 -12766475
-3085381 -30714669
-3380770 -93283467
-90632329 -89108468
26029986 -45797219
-71484207 75754159
-56741687 -32800083
11229609 -16576891
90786569 35124627
-56250885 97701736
-58399254 -14656178
68589388 -27601621
55147741 84035675
76848166 -42242427
53849271 29434874
17474998 -63974477
-95187824 14085851
-24002883 6665189
-81375864 -20888142
50933242 76844533
42460529 75563213
36159684 77569772
-85820914 -79597565
-74842371 -62333770
97853019 44405473
39853603 -99641703
58750179 -26639253
99407151 65705177
93485603 -41131681
-31239056 14138600
55997197 44313496
50894406 26911057
53469755 72834899
-28528505 78578530
74599998 -88614712
-35427727 54780484
22332496 -56210556
2239875 62174316
-28930133 67602647
-80186555 -48124748
-6377878 -54129759
-25031560 -26293589
28093051 42827404
67465808 27221991
-19830763 -3891330
-90056598 -49799748
15700346 30643489
-77736240 -52000322
97016533 -49681168
-19806181 -38017213
-58601020 -26595269
-37718388 -13273496
-8103558 9706386
71930498 62739239
19360200 -1126708
-55408938 66383682
71567610 -49864521
92276162 -65952239
-27730709 -13149173
-16236533 82959839
-74724704 92177586
-62324801 13726016
81905341 -71386305
-9729851 31012129
-58148550 95736869
84364908 84836229
77356510 26215115
29415890 47091796
15628598 62270174
-88319132 72760171
-26271661 16290669
38059491 -71281797
-77516062 84783910
19765463 68712253
-48474455 -44131312
89945183 -92559792
-8627692 -54343057
-7561909 -94602096
32024618 29585697
-74100541 -94799978
-83758613 42603687
-82769412 -52818370
14692583 -15877512
87164856 88078633
73745038 75263364
13918337 8614655
-99492108 -81464956
-85270812 35041884
-89262548 -15837067
62949303 -87095617
87066608 -79206896
75996248 -39232435
40318302 -95426004
17475878 -88117562
-35789220 -7347606
56712431 5528867
7903625 -20765158
-60740732 80674031
59936113 99664706
-6190401 -9255792
64044467 -11926754
86546651 -16448001
-55618124 -82706727
93650360 9089833
70453587 72096340
18469976 -32977739
17471948 -77824473
-48873638 99776603
1333996 91696908
-16894183 29871632
29248382 -27268507
82286132 -83671858
31011829 50925402
43078002 8143272
-75403955 13889623
-16190323 -65455134
70367909 6335416
-76524717 18343919
71965890 90864243
-26163938 19473661
-96292232 16016777
-86731488 -58139566
-84588202 41618627
17646900 8878652
-3784828 -61607193
93792045 80226016
95020869 -66277788
-58557298 55511876
-89390869 -79577526
-75353630 76220200
-2005595 -44314563
81661161 -59233106
-85120416 -33410552
-90686622 37376473
-52769274 80268509
-72159399 45404238
24255742 -17066953
70978721 80502192
-87453416 -18640605
81621156 86199737
-73475906 42377355
-33514177 -87215256
-59978228 -93891477
84159978 -24877855
-85608291 -18681745
-69857455 -14359366
64370084 8377539
-18989421 -41479741
31295830 -95666258
-49729354 -25676734
-56267280 11069985
-11454704 85991166
8195994 59302671
-14477709 -7969609
-69264882 91473088
44817484 -59586790
-76624043 -62594579
-76939441 50432961
23103441 -35697335
-46889702 -91164509
4830822 28106464
31369948 -47048810
81312278 -2741601
13881021 -20034406
-62408586 60975093
81025244 -6500359
46286060 12242884
5970403 6097411
-99765318 -79675002
64540582 99042643
-43958269 -47468121
61556326 -63756206
98947687 51621406
25795482 -17075705
-15526235 52347397
-14720628 13564594
3015793 -63202245
-39847209 29136305
-58475038 77126391
7422004 34860283
-33480560 -58245310
75400968 -30231545
-70968754 -55929312
-39004792 32157118
28453827 -35411625
-26007887 2580994
8377392 -43936697
-92707926 74964820
7628853 2230737
-43750325 -33985417
-57962313 97961184
56550747 -26477427
-14281265 -24639222
86548913 28135819
52270338 92075368
73557053 -93415147
-53352453 -22563999
-29695634 33051305
55697316 40640276
-65725066 11812401
58517444 -94484012
62497164 4178235
27884183 -33942619
-94146414 81767945
-92335957 -20467667
-3123547 -30264294
39894523 98732052
12022074 -78550859
-25709492 90926625
77229975 -28806510
-11667850 -18965392
5638522 83931501
95802064 -24286310
4374328 46385376
12419506 98504955
45710760 27558334
-68807385 92353013
-41401119 -82192803
52807888 89088924
-50965559 43945192
-56259630 -44452814
-98017080 93068523
14883345 -79371671
12760621 -2318157
-32929734 936666
-55304000 54531994
39017537 87906558
-24195154 8029268
29770354 -29974336
992608 39868596
97655270 37678610
-70373577 84138848
70145749 -74533725
-35596217 -3401677
87229214 11422510
-98749797 13283152
66191061 -54892870
55792117 27810741
84983752 -20026989
-45066025 -45241199
-96909840 13876015
52569536 -11083298
75430070 -44968527
28557677 68784917
-53768817 -65114438
92788477 -45823698
-73788492 72433668
87770479 59275987
49226396 -79500920
4011404 57952938
47704543 61572852
26998970 -20677048
63120665 24040380
97183363 46166537
38463664 -1669114
-89877169 -69049881
-62296775 -30823369
-47678365 -33639428
39576103 93959622
-68201350 -73078713
74074857 15480909
-42578832 -92428896
-66548078 41518528
-34429590 4503464
-76886903 98503952
99295771 23227622
15000167 66909062
38119483 57472136
73528542 39951338
-96838689 77880879
2875325 61989068
-46938049 -88845935
2533056 -61787463
-20109328 -10953661
58810103 -4475791
91858812 -25795265
-1985309 63636044
31013677 -98763196
44036037 -66096982
-82783548 -94148803
33732891 38688935
75744612 -77126476
82689948 -16579257
58281446 -14407012
45191044 -79246827
87583979 -18979425
-11532732 37626954
86265966 90977801
72514221 44484423
61629868 -44079291
-19921593 56875277
-10112681 -76581027
-55689629 29556395
-85714753 80477459
-11731753 42118697
-98209345 49595303
73199020 43584127
-93772387 46071347
40278832 -48873140
-64750094 -21614794
30953463 -68957988
37192730 38087345
38581038 -40450476
-31753360 31319859
-32650770 30451506
-36647004 -55719420
-21838914 -6243107
16807259 85340581
-68107133 36068834
-25479983 17366956
4922374 -37840437
-15651636 29490119
43032622 31959414
-54035698 85408004
-96768922 4627737
-1456282 71343782
-16520766 -61983453
-4028067 22940205
88912973 54054114
-8198122 -77170177
3526961 10346331
27316970 6957566
38555979 -70622822
-54969675 -30655413
-73389096 -23199479
-29652951 68988574
42240835 76834071
47793477 36275398
-65656882 79327117
26572669 39962502
65859071 -67358952
73438678 81997061
15870242 82909690
-3960095 94047279
-88737521 63378226
-97560549 -62988075
16898929 -69781947
90305373 -60554432
-1026994 -35271311
-20878120 -31988674
97616588 77173249
14502700 -91663164
-74882533 16546797
93032056 54985947
-51169237 -69995514
-14344540 81050640
-31684332 90262234
91002641 55855540
28118347 -47271461
-88399682 56053833
38698131 -61684866
-33302535 25626337
65639082 -37765713
-95930435 -16719202
-70332627 98701188
-88907901 9402670
76775238 -87697869
83214793 -30452835
-23824975 9444100
-43306638 -70154051
30510754 79497815
9263523 7110452
-89844839 69609475
-47745356 66911275
90139085 -89303902
-59269501 65934756
38589235 -58160326
45012494 97477929
71083591 -21304080
84823350 95761674
37920187 63012808
-80289841 14731206
50413017 -39048653
93782829 -68056385
-39688170 86663272
-92438104 62759700
1128755 70324801
-63344466 -93712784
-90191848 -20706251
-65800416 50554222
-63220751 75782266
50314241 41830692
-30379093 -61457125
39087855 -39472235
52815891 -14278757
44658363 -26843981
77932794 3311903
-51462884 71842397
81180096 87939068
71187534 98465692
-5289110 28557367
-17573885 71145059
59259508 -69617600
-57894577 36857641
63335661 -91907323
82400356 78250084
-40868117 35912424
87123425 97033350
-3125595 51328601
-17482886 -43754734
-32066969 60157599
62133446 45359942
-23812605 33672817
16078916 4463561
76334573 59470073
45496007 -95604995
42318032 -50803066
-29147759 -93156077
76046264 14026520
-82169159 99593337
32037856 -82024949
-66658546 6886546
88016319 -35158939
-37107512 68503905
-69363688 -9387386
50822626 -74565728
-97167791 -80248021
10798721 87420193
-19451487 36526180
-2060984 -37161187
4321778 -21626794
50963553 23485917
-27339693 -7901666
-18779161 -27517167
-20504878 77912484
-93450463 -83241325
-8825333 1223276
34082231 27860196
-71163280 6237001
32091561 -727818
-78964117 -59931452
-68380916 73336414
-93540091 61298319
28600084 87724189
-44857024 -90478872
-73187595 -41719665
47453467 99306582
-92527408 59873837
-75663997 -66717769
81778704 85371802
-93955800 -47561481
62175286 -47561019
35248525 37315286
-27205641 -18395377
-81934815 13150816
-93723255 -44199049
83734929 -31298886
-50428408 -23674291
93195165 -63474813
41451388 10430143
1444261 -78450665
83289702 -14663996
-21267386 -56998452
-45081583 1838793
58874700 -88774232
-14693146 42012449
83738878 85305485
-95534141 -94745099
-42700065 56734724
20632205 -13226361
-45967787 -84099612
-69937594 -65573917
-26464664 -12854759
83397681 -1869074
98982860 -4912969
10685064 5912325
-28053991 45762967
58615599 36651443
-38648911 -83777783
-67540438 -80578826
48106768 48439364
-93045139 75818706
68445883 -3983934
99722300 -49913114
7640736 -80786219
-98183842 -89931214
-88298544 -57824598
-36271233 -43739447
-84175765 -45656233
19334871 -314555
-234844 -94882541
86674720 -21261089
29546448 -77293407
27201791 78505540
75720397 -26749617
-11003647 98635236
16091671 -85826379
-73736638 -91516248
28653576 97399030
-74796415 -89091899
-79206016 -37116190
-68484762 4740951
-19800753 50420078
61848179 -42868875
15005764 36019258
-43436504 -52134701
-50575290 46262829
-49797796 81948048
-70572628 -39321807
4162568 -23887624
50874575 91652428
43694152 78573272
-25873528 58854734
97276590 -64612563
35357482 43821751
13835114 72418275
-6363074 -14951243
-34863670 95202182
40716278 22922506
82940350 -62902119
-28303807 88223337
-88868075 -28245923
62330734 -31070123
23469906 -10138667
54072189 81201848
53259057 -81399174
69865277 44012366
29581363 -43929727
-71504538 28652071
28464712 -42517716
89036162 52033496
83145365 42613859
-29225882 -78582855
-19051546 9835440
57819616 -97681050
-50187593 -1204284
64289726 60853672
93120697 37809178
-38283689 41817300
74174130 3418700
-33065846 -80145147
-15741455 2485298
-15493820 -49209414
2022144 -92189819
29460003 7833062
70189045 61361142
60605635 -95388504
11721081 6287385
-91743514 -41351874
38167812 20082672
47867030 -79647851
18775866 29752325
41619150 -94180257
-58227003 60645253
-27033205 45763991
18056115 57212670
16932146 -15971475
-73131653 5940814
-75496316 -87352641
-2020057 84679778
78316451 -97544245
-92945822 -43043977
17014260 -56643802
-57597775 -43263618
48344727 41184045
-49344936 -30328115
-65942004 34524749
-328186 7287771
49737790 20579071
-65535352 5006877
16530116 2653492
-10287534 60290559
60957169 -94928044
-8314531 30436846
-22026318 -30757937
-21094948 -72203970
-61357364 -80885592
-34142170 -44252541
-70272478 56616336
-13816705 49693335
-91886914 -14960690
-31321617 26673495
44985156 -74523014
-13525319 25058818
-37361627 -41491394
14562895 45941186
-28954562 -2131930
-81081132 -537078
-86673314 88896878
78003832 58078279
16875029 -62687168
7989917 91757642
-44805904 -95153557
-40083110 -32502613
56329556 -50327732
92370365 80324441
38112465 51663575
-12056152 82307324
4800726 57081199
10677154 -85563856
38193994 74807153
23286743 -95424793
20138903 -76642225
-49894817 -68232979
55729784 43472684
-29473898 -32403059
96535722 -76393321
-98303300 -84309330
-44314371 -89545762
-27738852 61063811
87688148 -54955219
-75790732 82535506
98145446 2592812
-39463182 -19167353
56624284 90374651
75136446 28510099
74449106 13377708
56402798 -48672201
57935089 73968370
94323953 65845487
-30125951 39901322
-43477374 -74644749
85533385 -24690686
13143649 -98899159
-63048521 -25695492
70307218 59611887
-41650617 -82539176
-69395653 24592124
54937867 74656511
-55263780 -34238057
-36437838 -24927896
-58681916 -22081033
51391438 -25198296
-21800329 -45686769
21601997 -31968616
-64420662 -30063413
-70012162 -15147240
-14952892 40769486
66043685 -19547805
64167464 16034538
-97922180 8471784
19237816 2820560
-28821227 84308211
-83770890 -91150148
65538149 -86296671
-33179478 -33238555
-21857341 -2130903
72824544 52936830
-71827711 -51270621
-53095744 -31107674
-82587241 -24184729
94257988 30292357
-16944377 -5614099
-42440972 8645071
58870132 -66875916
-7432949 -11547259
86425050 9799406
48355881 65391391
99379210 -54838173
-83057323 96877298
-74772532 71545793
7269681 14236721
34882752 5064763
24972589 60904897
85861270 65631921
91982314 -67354972
-51687725 9939360
33859583 57360172
-57068478 56500525
-28164122 -77626777
52616982 10823281
-65026858 90296370
-94587638 98572347
66222540 -3181021
-6931990 -68142235
11804637 83438109
-19608404 42680606
-83687050 9636467
-78983994 -421802
-28966154 -6130961
-3346140 -5898402
-68722311 22348631
-24460506 -11519974
16116368 96761937
74087042 -9396853
86441287 -30278346
11658429 25105920
79452162 -33894047
61705924 -59366874
-67108735 -47763450
47390891 44726613
-43394434 -65285739
-52355276 -52659743
-78043379 -88456744
-88586195 -51068468
-1845614 -2546896
-11612047 86521380
-36723353 22058374
65523969 56860790
-46011638 -70278909
57585756 77413398
72706903 75874181
-55069611 -86543924
-87861813 66495716
-91050400 45027553
-51535984 -80876356
-12929519 -46292917
39753917 32730449
-51006867 -33477959
42477828 -41789781
52103408 -92351255
44762293 45941603
14340954 96179800
-20609994 93373708
-54910858 87707899
10514571 21506464
29559280 6389516
18897027 -65329974
3119077 88111100
26044990 76713499
93191066 -28699802
-61373592 57798469
-46109168 -48136986
75309759 -50410936
76200886 76962040
-93522178 6793565
40496244 -33516877
21724037 58439067
-82827991 -84068648
-15614603 -40860251
43614479 -88325390
59155602 70674847
-62052572 68737292
7511977 -90580659
-38849746 -71936870
-94542826 36767574
-40401749 -69847410
-56547055 -79053977
-86182330 -1404367
-90572352 26789378
39885324 17465771
-45401771 7846369
-68194208 40427145
51767822 42568164
-28821379 -68247036
87982448 -75150582
-9296938 79977017
-5785354 -62285219
84811666 93586777
71338301 42350814
-69520658 74051645
-23648711 -28738165
-11380273 -82144405
94291780 -52385316
-43669363 86449889
39272236 -71463606
-59793801 -59903654
-91059447 -46699304
-1650412 -58492260
34479052 19516408
-25730865 -50928418
32336258 -71146142
52878036 -18862442
-11151316 -80142948
24917854 -36244600
-62244983 77615015
-77097980 -19179315
66648524 38747598
24044287 -32090171
6889398 10395207
48529735 9241907
29965307 -90918300
-12442077 44661488
-67793912 -32846571
-38247922 -12880323
36336226 -79367660
-36960968 -61837250
-21592404 36866393
-20803756 -4972444
-19068279 -35039062
53139100 -38300843
77971591 -50638252
53045698 24844045
28740235 -31215171
-70216090 68846087
31603128 98343810
-59751514 -18306074
57342769 45960926
-32976343 48334402
42502808 68677359
-63599046 -98957989
-24661379 -1975430
2594902 33418372
3245938 35818450
67558215 -89381865
55081936 -78789028
18822163 6513478
-28130326 83758733
-76182556 -1741428
78624794 52529566
40174754 85455340
53355721 -47497816
91438982 -69464129
45660195 81303170
-72861667 36174577
-30109401 56270804
66129194 35300000
-46854936 -82081786
86271155 10891514
-13293426 44382512
68229415 80685140
56537129 -98077745
51747363 -85331589
9037968 -43150419
-74232369 -72846409
52144760 -74345989
11873160 -52509151
56603625 -70717346
-39653591 -52245573
63376358 -71624220
38141003 4630129
25806832 34276798
-92177546 -4040661
-5401020 -91763411
21328971 33082912
-14394445 -76606136
-87771162 -19841658
82711684 -45845363
-2989002 45865145
32017893 -22645571
50255220 -81765818
14474495 -92936948
31661979 -13964377
30061136 93837609
37960572 -73834263
-665467 74926947
-34015679 -1087860
-28913519 -48819104
76420799 -47819769
43066463 -59739278
-63783969 -51294233
8916345 -78243465
-72456587 -20757398
2926618 -42088323
-55204855 63337962
-58770012 30525630
-9598450 -8032846
63808244 16372746
86617091 65927119
-57313207 42830747
-58171739 16271503
60458871 -39179510
-89088192 -78501968
68103337 42657988
68251737 -9947152
58047858 -19961534
21104559 -70266627
-75357880 -74279768
-95642058 -78106644
21991860 -34618978
28381102 -96012323
76604434 -12359121
-60698380 -78250777
30102787 35884750
-86531670 -21082063
28726854 -9335135
-33266131 23506133
-98901695 94482792
42031686 179932
98140231 -93992269
-54172480 -77316358
28915772 -6057384
-9157584 65805655
44020621 -66240645
-35151773 63229016
10709784 10389612
-60517979 1713995
-49849375 -14461605
-90952191 23428747
55272626 -54479044
-70522960 -17642054
-271455 -34708183
-98391981 -80624244
47467060 64101863
-71163385 6615456
34789708 -62713911
66459377 -21332025
-99771859 -30784829
61453461 -56261259
21110291 13190633
10754500 -37096650
38428818 86754548
72432670 44262419
-28604210 -57558307
55426537 -34805922
11703143 -36577958
-24323708 -81912829
70495918 85485511
-9886797 -36423134
97649615 -60624254
12866788 -54610646
-75811752 -27662106
93509851 -81301170
-5358546 92414632
66015036 -86620981
72836753 38428833
1896346 12653721
-2240310 5282813
-79903144 -95838649
-6057110 48487727
26411787 4050651
-88483769 -37405977
93036659 77479403
7229599 -13574690
68156216 -21059607
63873459 -81326520
-90438892 51994691
-86011452 -77943219
63150472 -18841103
52719623 -4620229
-35004911 52350147
26295682 -16798314
-9875453 89201729
56928386 -20568077
76697743 -15771156
66333832 3677888
59984618 26322772
-3627276 1451582
96468060 -15777075
-53490226 -89651789
-54385397 18733053
41869109 -62498145
35153152 -89032433
38978949 26483124
-23928043 53323719
77090218 76981031
-8552924 76867267
1047207 -31545126
-32788576 38762837
-50712744 82725631
70513558 -15878684
-17247684 41386238
28086672 82658525
9508110 -55648244
-57154954 23964974
72955510 90998353
63248343 -68168670
-88874893 15182303
98400754 69333718
48123998 51944122
-71125976 -82305125
82398243 39210948
70378476 53751105
66326217 -80008838
-75049854 68718012
95361881 -15049373
95099955 71607210
27899326 16109449
62201614 -85050511
-15025733 -2947082
88608622 51549856
55257864 -33566285
-86070690 -31465827
-37734238 14532755
-53532630 -83408509
-29622291 -25335258
-85053502 90034761
87193227 -54204864
-82785727 80279837
72090906 38986929
82624180 -22212806
43511230 28232691
-61376023 69054683
87585973 515457
42966244 -37810422
-76791632 12248881
-85349098 66467086
16132955 11407493
31694941 -11453865
77640764 -50450288
-99469677 20764971
55014846 56499669
63939918 -56589955
-29048846 -92934761
-19891700 -27859895
-57953838 57071487
6516199 -39682569
89841685 77609001
14939987 -16703610
63242366 -91445882
-92774509 61066270
-15807651 -14022275
-89140815 -29401211
-14048427 29030060
62543279 -67826483
-14474060 -85419221
-91819072 -43825655
-22733908 -25629620
95425307 27353098
77263305 63855225
-33882010 1460491
-74706113 49591945
88791520 43867700
65185721 -2261691
8136149 80529683
-45849465 25423107
-41118057 39260479
52165043 -77479800
-39880346 5415140
65364087 -26419448
36799456 -6824931
-25533705 -17939374
65219178 80589050
-61551131 28145125
53919987 -93831357
82097805 -83437298
-66654671 -24868850
-77944641 -18361881
1019401 -87422240
-17590590 -78369557
-87210035 -23040858
30416186 -98689193
-88554070 78487030
-93728607 -44405717
59092206 3500048
-36617418 33007005
38147642 -87555650
19324441 96579038
77959322 49372126
52791306 -86004245
9105852 -59605053
-44958327 -27832062
-51287725 5704350
-2650984 84309660
48812187 46410245
-15206569 -42985664
70745759 -79697415
39381194 72664324
-23814937 81919729
72676597 -21416420
37582952 13627143
46702608 47381117
59284918 37414993
34071259 -46093393
15198865 -90684886
12533626 -88609330
52835445 -50003972
23669523 65389643
-86138169 -76235324
43902853 17124756
-98182427 -2010131
4804643 92534005
85457010 19896399
-56884175 57282904
-38686350 49729089
49016727 -49839305
-21371959 -61770736
-92178207 -14860989
-28165965 -3516703
-20461522 -62818107
-55923296 -26311680
35189925 78410227
-62066903 -52406227
-22382366 72646071
20290391 60677315
-30902742 -58642686
-52993126 -13957214
95934027 -95760760
-5689908 -17023052
-99897914 49548380
-29508451 -2347757
-98771371 -24002923
48956903 -76705517
19666616 59426897
-77878020 -21273973
11208273 -69965318
-1939311 5632484
-57397407 -75698790
4145186 68915525
-66892034 6710540
-27928154 -36206218
58880101 -31973825
-69626994 -52780134
52752176 58854613
9469022 17421258
64888433 -17468449
36676194 -50725891
-56533868 91173746
-70329040 34406803
-65938285 -9186429
29405405 -49137974
90565025 16815009
-36038992 -61040267
-54102097 19236623
-38500773 -33516614
6194608 77950727
51811022 53015478
10705684 -21787797
-96582673 8346010
-18501068 32314271
-45243833 -89883462
-42744172 -85804679
-96444495 15181435
18709829 59242492
-25789033 -26068742
39003674 -40381607
2289461 42174963
-1103223 16747342
28707540 94305626
-1155816 -83263199
58727365 -18704240
20984606 28245957
64017783 -51412235
-957464 -66361315
87934566 -41865025
55549650 14501971
-47356150 -45651867
-87189218 82734980
37930867 96582956
-32304914 89127536
-91327635 -64521017
54848841 90936825
-50642620 37491116
39449110 -34246361
12099818 -60990989
-72977607 -40049452
66266705 -57242371
9790220 -21758175
26025636 -25900737
34718900 -32533142
-44456856 92018738
40491716 -79767862
31543106 -47508250
7207727 -15973560
-31258896 -44646582
-70986477 -16491376
54334347 41612201
-94919492 -33220749
44215872 -18157075
54328562 37546032
9065028 -45456270
-56559193 44223849
-69595836 -85295559
-11686062 -40647516
98802826 -61015749
23660690 -43610427
73931385 -72280424
-95609662 28420750
72740992 30620622
-87090752 -70203492
60336825 -83239713
19124947 8054152
-48175290 95431854
62053431 -11898443
988052 -69650688
95630779 -111249
22381905 -87690357
-9686433 97646168
-21284296 91036155
-20110370 88064255
-28857378 34524919
-47523666 40848139
-40192063 -62293566
-58374914 -65286480
-46326187 57027202
70594302 -10004961
-36230719 -63064000
14253711 -98389665
12793418 -18097530
-39888281 40664438
-25197055 -61242595
25622943 -56383724
-87086231 -30067392
12239532 2766337
11014445 -28560013
79039336 -97515314
29329824 60240237
8303579 1875319
-29570472 -56439213
-93850276 -69097676
-71587660 -76869308
41157860 64061088
-36030356 -67068068
-75308377 50949309
75726692 -51472551
30564399 -73744927
-28750376 29469394
8862371 -60083966
-4527766 59537145
-16136912 -71315090
60874598 24293806
-44452403 71621776
-20620426 -38700077
-95472852 -21700516
15957153 -40700816
-43867582 -87239225
-59940569 22308073
52302864 -22227828
-70249846 64100834
55730552 67519556
64111385 78444277
-26054602 -31031636
29757534 -14519463
34245349 -64199696
-73305386 -52249036
75668160 13845139
-63665085 96945542
-49503056 75749251
71727771 46558447
-16392823 -89868811
13043087 -97679838
57007056 -58914681
-27560006 -5398407
-89782312 -72421153
36097119 20406731
-87750737 -81527106
-94514448 -41854131
54638888 9353878
15314300 78277946
-56350342 43360036
-62861187 -36046028
66371180 -16257730
19486411 70847618
-97429231 -3170149
-6922187 -93577681
24350931 -97887005
60845554 84499329
9187896 -9465916
-99712771 -63825867
50582883 -2761005
-28271320 -80312776
-64391562 91446021
-58122341 -47768762
82899283 -1821883
19626973 -51438159
-73672299 -29047632
-21620419 -73840019
-91604029 46845646
86761485 -51470360
-20495158 93211070
39655115 -39945548
42903192 -70677593
-26681364 93974442
39987429 92210306
74898682 -30888990
31329166 49999263
56946877 -93875682
-47519346 -82087387
-39302821 36182497
95625291 -17036224
50161243 -51261655
92094141 80695440
-11602943 68332400
-72268684 94542397
-38000230 -86668268
-69559632 -25379898
-36536538 -30491651
43867401 31421583
60938159 -3406462
95425207 -62631977
45920935 -39011416
46484320 -15405331
-42264094 -26911016
23248855 49185407
80271690 -41702988
83033781 67956293
16751711 24581076
93064335 10754408
-40429662 97324683
3826264 -27631542
-67737832 -50218214
55528991 -64510810
96770011 -83164075
-77526862 -83862719
80762188 -14453130
-89197031 73016024
-69717219 -43300201
33935040 -90193308
-95650071 40511677
-76900974 25945245
-29144328 52030555
-74930712 -46096799
-47486764 53274514
65798740 -44753487
-42241804 -95025389
-87307444 19482341
-2703084 -88376179
-32982025 97741203
73197857 96284010
-56892564 89409364
58525590 -51611198
-93707580 82055043
42500655 -78996293
-67511817 92151602
80815027 -91246915
97773357 21399795
-562981 -63864101
-94240583 14164084
6059254 -71081001
70089783 68362617
92406391 74956532
93135450 -16647690
48295329 73558673
-81156286 43773363
-97523290 80484217
41828873 27207093
-33889851 -95051684
-65108360 96661250
98168514 30483696
-37208277 -94173825
22809274 70176476
78164120 14257320
-63620559 93291724
56942066 64070970
-88952418 -869771
-30792407 27115396
-16534597 17756
82272362 20017021
-44655935 -67831317
10746022 -82332779
58493297 87205592
51129860 -59251492
-34892966 -7457322
-19336994 57429908
-60915758 -24039944
-51662807 43581794
-84759264 16890665
-62159681 -29150844
37855603 -93774309
24807032 -39486529
-78407380 -98993326
-63492524 -44183150
79991005 5516948
-3944416 15782787
31824945 73733049
1866500 -83472495
48845664 -85936114
-40791747 -74651435
27649460 -64251050
-13011396 -35734415
79920052 40329910
24387433 -87239970
36580206 -80518331
13996494 75553681
-66513824 71719608
80257104 -40362968
-54627831 -70139941
24719100 -69493855
-89353780 -66134535
27066720 84815259
-60245962 88108576
-96409596 -14596641
-68171110 -94569248
59964142 76498179
43323064 72190943
78655798 -57879283
13739850 -71651659
-14877137 64570986
-90517586 -55029192
-42314772 -10375551
17444472 88862369
-40575237 -38622295
-15612339 -86947308
73257544 41506800
-13946613 49453523
-96679026 -57671411
61707777 47036617
-26028513 72606829
76498616 37970115
-35723771 30955939
10188277 -21970090
60743093 -13381067
-71423171 -59954529
-78797704 -49487047
32267459 -50283339
98564809 41479406
-45711807 41966466
44181776 6196392
52911594 21088217
-21697810 -41741305
10283044 11062758
27269283 28026881
-54270838 -83958862
-61218223 48420037
-586731 14034158
46989918 31692455
57751523 -44837938
-1642692 -3387627
-67522891 -50378572
86589763 91518179
-81816956 -45752706
-49163628 -18426403
-30229048 62358373
91893284 19575258
-87094405 -43411756
30329894 67634763
66170778 -72985906
-2973646 -49972840
-61400999 40767175
-15365122 -22138289
92235619 -2611768
28086649 -49230460
6988880 85590483
-93633404 -87127130
73478688 -52188500
-34311842 -96282492
-16793896 -93685769
-75783541 -85185108
-54241476 4562476
-16313627 -37404672
-29284116 -28256106
59670146 -22342060
-87991160 49101257
82201167 -19612084
-45368821 746904
-53522437 27479467
-98933643 -40621124
-42242500 62190987
-59032918 68321077
-52415752 49473307
49115968 11986315
-33653945 -9787379
-1152064 -76062501
69527045 51412632
-47388353 99139735
-13905216 -29850527
24577211 93517273
-6092101 -75842192
50760612 -53338485
78547823 83240611
23941276 -45736021
17537422 -32655900
-94492599 -42861591
-41446005 -68546502
64050492 86316806
73816979 31376851
39472462 85026278
7370876 92296572
-9251670 -7969010
-73360991 5352516
97274247 16497940
-59965705 -84780378
56592038 -88878815
61401711 -20459942
8472404 69222371
-28062531 89571770
-24281360 -37755671
-83480033 -64162909
63318661 -76801984
-26893091 -14381723
33625814 45651011
81158055 -19881182
-46426819 60578049
-70839636 -73572139
73271988 10875672
-13245020 -90686598
-12521761 -35992514
-77128820 -49888981
23411747 -37131081
94546529 80403475
-69123390 84281815
1718487 -87038269
-97350066 93475543
-54600651 -18381667
77632109 55912197
-93746532 -57107211
11695250 -2875709
11528376 -66652242
-43451471 -29950854
58246768 31787730
64117875 -45241514
-69557169 -65101169
96683276 57787838
69301839 -48832943
39258649 -19641443
19087718 40292763
-57525249 48149984
-19284855 60079846
-4051139 -45116055
-27149914 48813285
-77713279 21985947
-66636509 -49898074
79832769 19272388
9664611 -13238719
-33472449 -92432915
27737962 88464830
41739534 -52083610
95756484 17980553
45921077 22462057
83413039 -34325704
-57890153 96387892
61650785 9660560
-63020250 -46465571
-60527691 -55558730
3759049 16995200
56389062 -36705631
86917720 54386792
42279293 1304910
14664053 1028225
93889746 10225768
-50189183 30012783
6184739 -4930606
43215622 88214390
70853148 72091039
87546836 -73458747
-88508240 -27611647
-81505162 -61551161
44160955 -53579586
56785718 83603019
50711077 -90918402
-81753514 17815767
70088945 -44707242
39536018 58656401
86478167 72393730
11085566 41551453
-63086233 1559709
-21079404 16322195
-17245402 -53250034
-75268341 -81784478
91778217 -85355958
-76164924 -17737880
-65484987 -10804510
52609360 -22815594
-37706501 54178833
33640032 50946014
-3509764 -96923638
-13816901 4535171
-44794128 47925083
-72102752 21846618
-10696078 68638681
72934403 -86971612
48650326 56537792
72269959 31348319
-17263055 58081295
15367864 -7088916
-6307737 81192532
-58322643 -6072272
-6824389 -54256804
40764374 26100973
48883635 -81056003
-27674305 18368332
-45500054 76936037
-74102700 31280768
-44916008 27448519
-21721043 24465151
-77861423 -54226008
33883034 57072774
68757596 16900856
31775266 -60831548
90549498 55640625
-9709690 -96355469
37673045 6472214
-58384588 -43368002
85033150 -68354855
72611166 78423374
22221615 98704266
-58390815 -99820560
-69547827 -24673111
109066 -16328980
-13580664 -32966203
65854748 -2209900
-16583283 64681914
-1154402 31384338
1338981 37290885
-67641171 15187673
-30135646 30934716
-43447933 38109623
-81958639 90815538
82366641 4436216
43388309 12697527
89744235 -59432843
31655626 60286838
52916625 -12088529
-25355167 13893661
57750924 -52516322
-61290514 -3500173
-32403301 -84185693
73325312 68153806
31117004 12721351
-34532567 96372997
-96822589 -35359741
42832144 -89066628
36966255 79451431
41990596 76862626
63179330 -67442370
67353749 -97804021
75247496 7315024
49934196 5262962
-75854802 81805784
-72292908 80955510
12911808 90987514
48713094 65752714
79804917 19436038
-28253803 -33445524
-11240302 22447357
-61691358 74379950
-97969653 48106808
63432975 55737589
-81860621 -38677035
39163508 -13507772
-90197255 -7365096
-59597399 64609856
-65946518 2687037
-80287841 -64914244
-53414133 51690157
-43411488 22008421
59914001 76348071
92632142 -19858465
94737096 -93129335
-90477437 25848025
-21771823 80147794
-99274538 -10268043
94071467 -64492772
83520390 -52385344
-13314604 -55775348
49032197 -17934757
-75566259 -57264644
-47136085 51591357
21206581 85382738
5282284 46506488
-7213531 87424560
22600523 -33722894
-92752334 25257798
80880936 13418911
22306648 62822140
93914920 85672701
54639906 -93827222
58973656 -30533524
-9274739 -79377903
-26256773 -3854712
-10772455 -48840296
-90445348 65715750
-97147595 15028767
94909340 -42043851
86405196 33852176
44220290 75106936
-55250852 -10004200
-48785114 -12223629
-36264306 13403777
26329950 20231533
-59235501 -72420690
-67974989 -69341802
45108051 92751449
94367487 57061486
-57600390 -15568483
-66821160 94881199
-71586704 -43237759
-57277588 -58789240
26110521 -63320850
-77502154 41899667
12791820 -34595894
75173907 71228500
85186808 19325063
53150163 99516751
-13200503 6811482
60350737 82637116
97509346 55911730
-93183603 -74787571
93416804 -80808591
-48383530 -25612616
16320317 -80579943
40914223 78819848
23842069 39585569
98124425 31340351
23994094 81141462
-22415724 -60298859
-45170306 71523620
-87381146 -66723263
-46779933 -19757164
61999771 -59246077
83088348 -93033303
88955 -92227668
-29938312 91028944
52250216 -678480
-28900692 38138961
-40188124 -23437386
-27178136 51253600
88835806 99142386
-33087515 -39449799
-31756628 -95475853
38162319 -12125071
-55096581 6859550
-81652308 33462332
-78181894 23310066
-79760639 -30519878
66075416 -18363629
-33509021 54982930
-65120754 -54160380
-22933842 -40416436
42178052 -2570093
18851953 -7813681
69645652 -73732340
-25325295 -89056414
99332914 5309920
15295959 28842810
19382035 61647544
80536653 526461
-39345352 -92858233
31368019 -21633445
53697578 -85615770
-65882290 34053231
-9167392 37761173
76858521 59892007
4513620 22638714
50054826 -46197970
61377878 71373248
-43638261 -89520915
91098794 27591918
24824266 6980690
21849057 -41814379
80436897 83840876
12828029 81065190
779471 -53611022
52835736 85297450
-85123319 76653012
-62110416 -13293610
232764 36693134
37142512 -13777496
-48013425 91096003
-62321788 39218512
-83543058 4036442
-44454051 42555016
89928610 3237420
-42716581 48118257
-90568770 85941826
-33970949 49339933
7866078 -45702457
-65691086 -89266848
-41131289 -95458121
-75550722 15648919
74454428 50543353
69660075 -34570142
-23465202 -50616405
79432972 -23274817
-44732415 33706066
7552897 -51737631
55296171 -92165869
61119741 -38362048
-79970441 68256080
-67244665 -71902120
37314625 88761350
24393283 -1784496
36821768 46604543
31057208 -74738358
-94061166 -43504556
61578586 50818892
54146564 58585344
29497123 -99127437
88457917 17128810
-9493699 -82002566
5398153 30928038
-21683619 84057330
-4606450 19501619
53201262 32096902
18665549 -2639192
26375849 -49667696
-56259074 -47296252
65645633 33154283
-96258517 9255817
-60559726 -86068965
58349118 17908795
-88574415 39051896
38260079 -4313758
-72007479 -65495153
-91264252 -70385610
-827858 -25935894
-85244265 -97686047
-41565891 -91957514
-51480876 -13001024
57943318 -6030023
30036415 -33226502
-14806736 46555834
-80553794 22898351
-20759217 -69814353
-73776762 49853782
4174337 90634962
-99586222 84747916
-76835129 89403923
-6301174 -33758788
31795131 89375408
60571875 68555050
82362356 35943613
20318944 64114831
-41871432 -43150142
48656730 -57174210
-11986237 -11595143
-53202622 -99797682
-86217737 -29601790
-46055433 -80804293
23521635 29842520
-86445973 29473933
56509816 95679981
-57148559 10641174
33104707 96844313
31849609 -58187072
19014102 -89307291
79730483 -56098119
23638569 59152099
-67203722 11493266
-49573659 21475606
-36296224 -997784
-15121829 -33639768
56307089 -24266852
-69822769 -42016113
-12216726 -77076672
3948929 -76381394
74150541 -56452472
60334757 -61416254
-98601979 -40921110
-90123058 -59089803
-44604949 41610800
91176435 -46936541
49437554 57241668
-60168667 15853748
-54648618 65736962
47372432 92381218
69586895 -16798246
45784038 52591359
29246784 61236965
43892087 -12130920
-55407667 -84771318
-64236336 56860346
91375991 76974507
65458458 -32315276
70987709 -95921269
98920540 79057356
53660505 -59416446
-11039023 -53505218
95220837 99702532
-43797661 -81542518
-222520 -12526465
8299022 51899916
-79508934 9374726
14360592 88863362
35197713 -66073579
473737 -66641441
-7677155 98360892
10403351 78699645
-1136481 27859469
-49017197 86942554
-87601916 33752365
43307621 -42589437
-40681095 20965606
-33552137 37334137
18085527 -5416069
48142733 -9296260
40992497 -59000499
-63310679 26305435
-71247386 -80018935
51388985 6351752
-3151188 51641576
-46896712 -42767598
-99639263 -43415128
13127095 64960820
37477230 6801699
-87314512 -6993925
72790635 21833899
73323976 85441963
-21436008 -40045544
56985509 78670273
26722954 15226773
17452516 -14480278
-3437349 -92198233
74406880 -79544533
-23571630 -44430375
4261411 -2151201
71999343 -59990288
23054510 17350174
-81091808 -62252505
99712687 -32758676
-90673184 -99358227
-51715427 3449724
-36234398 -55404070
73583190 -66529731
92824903 -83565305
-62485668 22528861
-42689465 11651323
-25978224 -42067312
-40194880 21074654
46655891 -95042996
-46305084 24115989
-39029083 -86135947
-63147689 23618952
-41865110 55725502
-75885385 22884179
-1004850 67060554
-4789286 -43622589
254158 19766907
81728664 -61170336
9661668 3575628
-41316233 51753245
-39908061 35126574
-27273666 -36172220
-68660713 -16935721
-42261924 71960304
-15436114 76421203
32374246 -19280181
-82170389 47448805
51752351 73272607
-74901722 -56565135
32048645 83732835
-93987364 -32569313
-68735755 27595119
-77721296 -17817034
-29262991 65137532
-35243417 69523189
38513486 -66752557
52873567 12148221
-62786381 19906300
18525378 -48033807
59820428 62302020
-7457954 10422086
50750499 -65778532
-82414835 -45811906
-88194858 -39020665
-13219372 80067988
-46096561 -42307208
14952625 -96904259
-95124148 64346448
-57663972 14008769
19957972 11325706
59483389 92454892
-85851266 -25653557
-4120840 -80151958
79280225 37622927
86632284 -1788828
-43275621 50421766
-15209749 -50754774
25658424 72091666
-81223227 91606357
-44931564 41744960
77155218 42280788
-93366081 17251513
-56772427 54707383
-7180880 -8456137
41567102 -21908117
51180863 -91776036
-73159056 79980628
14030636 -54731314
-96681974 8924389
-22216140 -14447064
11794693 70771779
58644150 47385858
43266211 94399471
63711617 -40788442
-94613114 -21622318
90525234 4862930
-15558339 27832968
26018742 -20357483
92158203 2662825
-1647124 -97477018
-30930384 10426693
-12746901 -85169429
-28074949 -38765690
68976901 2514839
11087319 -93090142
62042832 33322365
93099453 -28289080
-82317625 76424975
21560012 33841145
-72654287 78361379
66166396 -68818307
-27285736 -66760477
-87028866 -24707852
88918693 37550460
-67388630 -76887682
98448714 92970494
29761909 -74163610
63817614 54849251
-99818258 -16730883
-3368360 77194023
50121612 18306989
-56988269 92372755
49187751 76044269
77672743 79011011
79484811 60623334
27924708 79545072
-63231460 23349977
28050995 13820180
-2984259 92441965
4690191 -46503754
-30002922 -93876435
-18633489 -28106879
34785891 19494264
-14064687 -28376138
-52295872 -73936954
-31450753 -16289409
-19638751 -71013050
71276160 -48445564
65407512 -82799870
-65489037 20699807
87568253 91407335
7056523 -31762129
160413 88835760
8604882 -85058622
43870022 -19661649
-71089699 66865392
-67306630 61128122
32326529 21013931
15054364 -51253814
-53188934 -20081800
-71670084 -83661250
98914814 68096650
-12518939 -32403584
-50467423 -77684374
55888324 94907498
-83874213 4239394
-23603386 -33080159
12793831 -6430962
41366255 56357707
68401293 -29570411
-58183324 -84952144
-30390526 41959653
39773245 44722842
-46107685 14713444
6897844 75368938
-31150683 55639509
-38507823 -17955974
-57395619 -4345844
-34311925 42331160
52715710 88790251
56211064 97727710
-66783259 66113047
-7230897 25043986
-85577534 14212285
86438346 16378927
3629256 89544143
55572687 -96264337
69233450 3785248
84460144 48254597
-46005909 49938021
-87182193 49362154
2596250 -99434905
-3674054 89188963
8941845 23373104
47721240 -83527107
36971873 61979004
69223929 -52527379
46182286 -88807460
77468842 -14682860
65754481 -62583989
42285008 22387723
-31033271 -72963592
87898422 -36701468
71822097 98052252
90335885 -80493072
44917403 -47856252
-73359581 12188891
56638945 -51809910
71395507 20194168
25870942 77289804
-92556170 98320008
83893819 82935826
16832082 20179484
50296155 19351439
18341327 -22029445
7945958 27643474
63132800 -23991959
80647285 15974261
-13442351 -71269050
68431960 66470138
-50989723 -92401059
99268957 59350896
37421137 -8167315
50374214 71022558
-50843545 60088750
93819528 -86646061
50640204 -50524973
60171452 64591690
-54088287 -94733400
-37560211 83344130
18545516 79304388
-56652708 -53249826
-92535281 -91777915
29464684 14389902
17456878 -79329097
98726679 30774411
-12565039 -56648735
-97310922 -406967
15181802 91830708
99047804 58918263
-29513287 -78466914
-55735248 -4704837
20946357 -99274287
-37061721 52698290
36758588 16775634
71253781 26993958
-8551610 -23215247
54480783 -65592949
-93445472 88019067
40789503 13257726
5782864 4139069
20942261 -71053895
-7403477 28908978
53007795 68937438
95917889 -94490613
37890910 -48126955
-54766319 86567840
-12440556 59784280
23653309 -27537454
15411915 -93511206
29214950 -58774127
5669350 -18794878
1749556 -72135376
65658629 93398018
-66304659 10821743
-18194888 -2686733
-60354019 68656565
-6181785 -82356773
22174163 61956269
-9596219 47943063
-37173882 -17378509
81527883 60204905
-32356780 -31676585
-85059316 -22097062
78450243 -58135550
-74888224 -63676676
36092525 45143348
-46413308 30479978
-31466819 -1476855
-61287717 -19721272
94864382 92897674
37961157 -27834574
20719845 58399309
-46009308 73678557
89303451 -6280439
-78889329 -40716144
95751563 -39254997
-41312066 97590348
4382887 -52257109
-17367251 -1158313
77857766 -53674790
55336370 -83854042
-98214423 60239910
-14350180 -43323909
33296456 73054517
-46495837 30015559
69356822 57429843
-79696109 74200205
-39461759 48927314
-53713717 42806564
86607054 -11134022
99591363 -11407371
-6202559 82049110
-42157013 -1795665
92024508 14757094
33957202 -41974440
-51255385 40010981
52560475 -82991624
94408860 51751032
-85869519 -27585843
13319128 51995025
56137357 17574035
-75330642 -80108898
-1150835 -58718375
31080423 69270026
-8086306 -84499513
-53778778 82976946
42001079 15706953
-92334802 43702478
-48066825 29737619
-36032137 -62251074
-19142758 28882143
38110677 80818636
-72357562 19863452
45383043 13317715
84810987 -75805362
-18446280 31595717
51911129 43064822
-94257945 -6519445
-44494803 -33785365
1729070 39784868
20145591 -19272240
-75374363 -30399882
64043152 57125058
71561797 -4948161
-94780966 99912192
-29867706 -48660829
-20480010 -82646527
-6394798 67588751
97542487 -73110058
40822382 -19348790
16508195 58982306
-2503934 22108773
-4317873 -81131290
-12226386 -93682903
40767317 37643636
-29385471 -92824811
-27365006 31119639
392290 15255516
77473815 76574135
98091666 70715792
-97452114 77585405
52763807 79332255
93753374 26571095
-46512649 73854014
31826181 67014379
64565840 47182664
93968 -54181219
-23952806 -89135261
-60657524 85725698
20463566 -60790401
86460946 -68310817
71884499 37591621
-57353277 68430946
73554098 68507807
93490192 77906086
-29778523 -37459657
-44754484 2044841
92163571 -84740774
-87360707 87708422
-12722631 -25218044
48695112 -47694378
18145190 46872274
20190621 56430471
89054830 -81626788
-31942719 -20548585
-81691354 -21598860
57245705 -68724258
-879548 1928213
33626831 92358772
-78240130 -7107080
-59129062 80993145
82841622 82555620
-99157152 33882098
-83426068 29318407
45124940 -71736800
11102882 -92554874
-4086143 -10113211
-45331021 -33283161
-9924372 -97279026
10656158 -95163758
-27088638 -78178079
78689646 47325149
99597096 -95461608
998989 -89094319
7367790 -54998220
94422823 45257729
-29287652 91064996
46550984 -37909199
-555946 62229788
22224180 10729295
-40821223 -524566
-22198122 -29392520
-17555972 -9083911
98963505 62911852
-74744490 -72390329
-74925764 -25851233
52140916 22017815
-70581330 28800128
-86363428 -33892979
89231277 14048211
-37561842 42395592
-19062061 16313538
54277949 -168347
-76800605 -27191332
55097660 37352664
-93088202 -81795099
96924999 40799587
58205654 75545435
63307871 -57493208
98966786 54474831
3750728 31068448
-64031775 -46660504
-79129579 -94588404
-70954722 -48666614
-30934641 -48624566
-31887887 -75384792
-91521728 59707953
-94955134 -17997505
-93941979 99025131
87313644 -40588396
-30017906 55233835
15440696 8215657
13775950 75616548
71969113 20299881
-68285010 -92955263
-50871892 -97507807
-84761761 62858772
47295968 -6252850
-22142420 22587000
25739889 -89205664
-59451412 48472126
-84373140 -90986938
26751470 -45197000
-2231308 -82765123
42587096 46837158
62379221 -29829381
95425924 -72476336
-9796677 66270999
-37772505 -42390046
42031736 8486209
89811343 -27708761
-70286790 53964114
-41356971 -9182907
54173338 -93644550
-46164673 82411251
-68375620 -19714267
70397991 74268215
8728358 48825186
-2875083 20042910
-43033750 43951021
-62141323 -36429870
91769836 78853690
9077636 40692955
19403985 -23625596
-28836318 -32074627
40874493 80578974
14959258 -92720576
68118770 -52026025
-39496401 -8478244
27463867 -81830826
87190725 35606457
32564477 -209102
-74990505 -30454920
-50931450 52567168
-43529759 -50734760
98337653 72795331
34293244 -16546082
-14423227 -71548784
-68688857 97612420
34754430 12974852
-26635902 -85892963
95400959 57120187
-60169519 79581644
48440698 12821649
76128113 -49356254
61150357 -91718954
-7290672 -54662426
58330209 66633040
83167666 33289872
-21178605 -12427309
-37644129 -41831832
40668500 -52154772
13964675 4964726
30540488 20049570
-4044611 -71669267
-4678667 -29374949
35549545 -37654908
10306073 41772072
18566071 -32464764
22326288 -1262886
-53302383 -17179164
33835886 -8776781
59479441 41909207
90180324 -23436589
-25538007 26368114
-76485082 47972974
-52762787 -96066583
78765991 -20684159
54811776 -31282166
50909821 4979416
81512077 95420457
-67990205 34979169
-29703511 24446313
62807435 54916784
3374074 10546668
-21513516 32962294
60269962 89399562
-98123113 -35781946
-70785998 -92565498
-50667333 7979162
-80311046 -33297104
23995385 59729924
31708020 17462589
-37346817 -2628612
-34464892 36760893
-30644488 -13474714
-24011964 -49093838
79171234 -56109745
9318377 -58739371
-12861287 99952289
34808486 70391514
-254700 -92771540
84329600 -11201315
-88894295 73728709
35306531 58978596
7713648 56963499
92229468 -3927178
-89561165 70322028
34271444 61559370
-75271430 -60804310
-7965450 -62014072
38236858 -48076399
-11690546 -77440408
24720829 -16568731
-47015420 33866444
-99448672 -39327897
41980219 35075184
-45710142 -62645541
24699284 -43331947
53440320 49749191
68983750 75653824
-19086785 -96392293
-28228337 -1059052
16257003 -28529089
-53408226 49643406
-11560324 99326876
-27209438 35441629
2591838 -8668154
72893164 -56501996
17062024 -54505450
-16464386 61243610
-18736250 54767967
25483261 -87763084
-8907297 -48535950
-2408957 -13073139
63361832 12778613
34092679 64651721
-12925804 53761093
81828619 4611853
889614 39010622
-18682716 19039258
2415916 -50797213
57479563 85394471
47842276 69239777
-7695572 -56803866
-86495326 90407464
-40177679 -14506048
-37830189 -26818199
-57168438 -31450927
-66223103 -81276564
92150444 -17869171
89382766 -30552636
-40252183 -8677287
53741653 29500703
82952943 -90464107
2632149 28002942
41257989 20970182
71113792 19156247
94137555 -41415817
48107281 -8084827
-96789416 -37264803
-66561664 -50065300
-44680627 -4110834
-4945523 7662195
84161681 -43426723
79668128 -73158119
-97696222 76967417
95374624 95337142
88035930 73153615
60105006 -49944468
12632053 20016320
-86373884 19526071
-86196967 88026662
-57156084 -6208403
-17614794 -73644825
33750910 20835791
-29833309 53474364
86469965 -95579789
-25803899 33416034
49507768 20576045
-96760943 -15915758
27092650 81776352
19790022 -83343687
-91121312 53574075
11896177 70584022
47057371 -92776893
-49898370 -36864347
-13244242 -91865733
-58473583 -98678683
-2792139 -21279197
1781149 -11265852
-91736304 -51694298
-22788060 25416671
-39120567 -51741800
-53133249 -90029211
72593370 -41883491
30615329 -89536481
-83796795 56595587
-72243573 -49519332
-69284205 60486125
73569180 -87635337
83559096 53390122
6916078 53367337
6054565 -73193067
423931 -93973837
-11620187 -81478836
-47883360 -87202997
36026970 -37262596
-18562575 59974618
-96265448 32598237
68837748 -57449824
-97846109 19281566
-54406828 -21413949
-86788844 54564291
86474751 95710511
43016188 1859457
-66181656 -29035200
-13489574 -2332960
-54920511 32256988
98639263 -24148368
91574875 61164446
-16443428 45166904
-49925421 -13614254
94410637 -3295341
80552536 67512041
-53582272 -20117764
74670834 -94860576
-20535923 17761400
29473913 -22987853
-88437214 22842221
-62828110 -20374090
10344356 -91115831
20753776 8367730
15770395 -93286319
52354028 -78105055
27820758 16111745
24231777 79906157
-41951832 -75656610
21826173 -15923674
83015969 22220046
-7644453 75541451
66749460 -27173985
7557340 76044880
67362540 -64988260
-68048427 -33532686
98073349 76697207
-43596268 26534036
-87316499 87660940
-39322142 -63132398
-26038691 14532774
-357079 -95455339
-31118240 -37880041
-57895820 5094616
19630035 -38502915
54539503 82775020
83960187 61968628
-98879856 -49268115
99763346 -9333635
-31651792 -77513577
-54191699 11654221
21483975 -46469668
32105346 -2348357
-52771409 -21601112
54722821 26819687
29243552 84156119
-88385663 -15711020
19438370 64564121
-44320431 -8550584
48191349 -64729037
-177754 82428066
-83380063 5621178
72562967 76472031
-68818020 -24351036
44963848 46870439
96375751 -65216524
37217731 -44707948
83443003 1604598
-13882962 -27947479
-16642856 -70098888
-7925667 4015896
-8977505 -89479160
-11263225 63713051
-62398962 -19106710
-62151941 -49836884
96814515 -80116118
53545887 -98459549
38653940 -34549426
20436890 -69790296
-52520064 -96136853
95657964 28640210
88430831 26196852
-86714469 5576375
57679261 -6026598
38107124 -75226123
-25786362 -57378765
-99945914 -18300975
48139018 -45767329
-56939514 -56244501
-8737761 -77842634
18637372 -83197876
-44011096 70504256
-76854855 -96631625
51856879 -78954895
47811164 -85539383
10663833 37207894
73127048 -97277619
-78422254 37969932
14745882 99797712
-5352380 -13857786
-30111136 46621031
20506265 87822592
32387669 -58486912
-55464859 18529323
20032035 92083599
-90521543 -34558262
77732865 38264008
-90152592 -60012457
93765331 -80012934
-62252442 60396
-71463617 -6530629
93576632 30156821
57963553 50735940
-43288993 -24602982
-9852148 -84512318
2500263 -47862266
-37342857 69367623
84076160 3716661
-1631324 -84309574
-10423348 92923444
-6889813 -10478357
-96668136 -22275339
-11657966 30160023
-90589596 30317040
17153390 -83693808
-14187438 4930228
15457847 70848620
-28083516 2696543
81593628 87134204
-9041891 18162545
88580126 -30254606
-83914464 58332924
6615989 14948162
-77110322 37989984
-58699069 17317617
46014083 -33260837
75357226 -64380296
-19230173 54170299
9615366 88491734
63945635 -99515142
16819645 -75167673
-66851350 -39009123
-14828685 -74432763
89913069 45665842
-1728341 89288198
72114661 -88793452
-41638349 27595978
-13385511 -29884602
-9759960 33775624
-97716369 42707201
15024607 91777560
91153318 39664472
-68948403 91404547
93398457 99561295
11831195 72710374
-39289287 36768354
-78671412 -28416195
17493720 -60381143
94012832 23952908
45713595 44591465
-8061960 9795322
18781909 15135648
-6245686 63940681
95903906 42817941
11382222 -90052556
-14487701 35757102
-30221177 34099617
83564122 31648922
76718973 2535745
-81538711 -71280348
-70265453 -3512254
48628754 -46379272
37941892 -34557920
49985551 60428465
69921392 72038175
59331559 -80413810
-36861499 30185459
-10343377 51342229
16004018 -92451813
-74746785 -2951901
62343331 96700725
-82807529 -63122231
-44106141 -72013488
-59304181 -36420842
52929066 45376716
28545980 81460128
15048659 -55889212
80276658 72821723
-23103702 88552597
93135663 -9959295
-27913980 13296904
86023432 34722458
42898071 77037628
-25576946 -12720721
18901078 42104679
60407209 -53325966
-64717849 -15045126
90630733 78422334
70703546 76068462
-35136348 -93302741
-5750780 -8553268
-19087348 29627437
-53069899 36614738
33558035 -63424608
45407656 6385097
-96006580 -584755
-54344463 54576092
48524238 -81931943
29331639 -53062893
19132583 -49116157
-42825984 -81650392
-57715658 86660435
-52011469 45490961
-47643232 -12026261
-51628318 249451
2685222 -81181776
38922897 22100109
-33291521 -39645162
-83695899 416915
10368626 81864668
-39678405 -5130
-85710197 47502289
69552957 -45825981
91903710 -5432214
92116199 6164473
25711583 -27773737
-7660973 -34289296
13136776 95414504
13482548 -9873506
-31691626 1938835
-90760133 18369750
-61758233 52808275
-80896737 -95043746
11259956 56556826
78095547 67464361
-58899800 60236414
-42921872 9366793
62157586 857807
-97116240 -61246477
35898933 81755558
36857350 25982698
37561119 55180243
71578656 -68159708
70045446 -15357496
68276077 -63735581
-51778499 57846127
-54022208 -91520235
-27624359 69937337
-54871557 96494452
54977023 37112139
21638147 61046870
57662535 -66157074
36598170 44802098
-45957849 -96525155
-66555967 -55349335
33222687 18946397
-87104984 -13210839
-14291765 -44280830
23273175 88991782
13422884 84256423
8832432 -88050096
19491308 73954210
78314035 78724433
89677454 -49384565
40728901 88579847
-52217691 -2971130
-86920225 -5925240
36703054 21657430
69353723 -1953604
82039566 78848306
5473289 95996811
-7659500 -40044427
-35670224 -36079852
-63289684 -92017027
34475529 5908232
64453491 -60909593
-38220640 1668407
60760761 -98740861
-46461903 -14691998
64047915 16384712
-8423696 66997257
44887633 30968994
25168427 76317603
77328808 80428020
-18569705 93399831
47836769 -16754513
12072607 70880457
79027775 58826913
81407955 -11796808
-64371218 -89946960
-52866174 61924311
44772805 -68073074
-73529393 60784547
61269509 6879426
-93699969 25376037
-38545396 71968179
-41522634 -17889593
-95963161 89405899
-26806424 33809591
-49335329 -76095395
44809740 63761915
74283935 -88766244
52732709 47771125
10054151 -14082953
-38207326 -76507311
-34859762 -11302054
48921096 97898829
46243283 99714994
48323267 -898885
-56535593 -67385802
67428771 -67244617
23230539 -65874668
85309598 53331895
92850553 -78290077
-66827915 -29014241
-29739446 24503942
-79020164 44653494
61629958 40812152
774441 -50009985
56214891 64814379
37277263 34108740
48664127 28578872
47200579 71990550
-29317446 21074696
11110402 -54683055
-60116032 19808506
-95223091 -28684923
83620599 -80610738
9352994 97609564
-68565031 22151027
-68249760 17740486
-45377836 -37964799
46642900 -92429539
-48291061 86303466
-50622340 82572134
-36430346 36533213
73834074 -10604999
-83337901 -80164934
-41215377 43276775
50475325 -83026991
-69148572 -99033267
35989184 46781931
5468155 -44857750
-60694434 -57811221
-36474831 49043726
-27186218 -19215044
-66509502 39396015
-10965952 -28264283
55779665 -27925406
84029256 -28407853
90196669 41693001
-67217860 -67942535
74629841 33431215
4086057 -88545194
-44620567 -15270948
-1402907 -83353326
-54389313 -50282310
-51352338 -5352012
87684850 97023214
-22496456 8431975
-13256027 -62688918
38335635 47460462
25461254 93514807
-81586812 32857411
-46962100 52452819
-14741941 79528281
35840075 14635784
82312826 37843076
72930603 -85772992
49640271 27275313
-93537698 15591386
21279351 -79503807
17149563 80194492
-93009375 52212510
-76687835 26532939
47712676 -94877881
-30166775 68156806
13045948 -95915694
76880102 6166289
91256458 -7307816
76144451 -64037657
-72001978 -42895136
-50800412 -62367231
-22998196 -90110555
-71099696 20272969
-10354183 -75709438
-56461310 -74944365
-3161711 -71432796
-84593934 -48558267
77650078 80093688
4193073 -84523106
78410598 78771869
-69741815 -59851661
44114623 -29184755
31626020 -79032225
-36155638 8459495
-17328640 -80941838
94594268 9134694
-43338895 -60572635
32639756 -67951960
91883796 20905973
86664761 -34356818
-76395914 -18688889
30711979 88809644
-98650923 60789246
-32670583 -68766600
-12984446 2340071
58279554 17587487
-21027061 -14039251
-73475485 -56921405
-942681 6121502
83978540 7667270
-70087571 82459761
-60386960 -45829697
-67991192 62125476
85967563 -55546190
-75999760 98014485
37469675 17078040
-59185461 -52768381
67147537 3687170
-54855 -83911658
-68044099 -57923584
74544834 18989829
-37402549 -98999801
67572503 -97436459
97451140 -47569387
-75596157 -40009485
38357550 27159047
85534667 82780041
-3053396 -99149594
63147035 -13004823
-48896815 42709619
-50185620 53401488
-60631849 43633040
-77554849 71336945
36678940 -11562473
-25760832 20644251
-97634724 -28728178
7738179 94291666
16148022 -23885592
53339846 -25402287
76390022 -3876948
21191097 -81434822
-43911156 -54287506
-17577290 8746255
-66532100 43709510
-64270755 2405285
-83549967 32169767
54487611 -14789669
-12870358 28990421
-21319318 47480907
-85070140 16030858
29903367 -83756513
98481014 -50887840
74312654 26527656
-6177141 -70570148
-54689101 17217785
18584558 -17483195
-20887917 -85869765
-49284293 16869285
-7814458 -7725026
94347785 22144183
-14559898 -43276676
43482686 9647735
-17490327 85300478
14868060 95262917
74845150 76650431
-7864143 15344967
-28731686 15341714
8015892 -89786074
94079293 42581127
-16258369 -91050838
-21737582 34572994
98266923 65161857
83611924 1675332
-60980063 25067142
-44729628 -3828929
57510441 -27936084
41485926 18489686
57177584 -69126245
-16371145 -15927378
-33263404 -53901479
-52871827 -73324584
76080501 63426318
-33207328 -13723873
77093000 -56480918
48232852 -75240242
-88076600 -30119693
47024058 56394382
-86898523 2303609
71908662 85527908
92113011 -94483652
-65974891 18473984
-64738925 58248262
7103602 -88894107
75521335 -70111608
44961263 78410845
23417961 87145060
-93040544 -86288783
17597024 -46376517
-93825941 37029173
33881948 -73732750
-41967085 -44727840
-32924300 -92793621
9782995 14131684
-82289299 -97668835
-97181270 -68300554
34760646 -73388613
34804113 71382500
-12059821 -35116437
-73901531 -18566450
23014590 -67038569
-98104674 13101638
-86229476 -82771119
11815129 58564371
97764936 -26419466
52660928 -76494741
84214492 65556058
-60097156 69943711
-36335012 47550815
-47439690 64960590
43308182 -22979188
99245511 25226070
-48247512 53634894
-29923120 65371868
73250203 -32041184
22404857 -8215977
89019741 -91767319
-36737532 65791697
96305747 13803823
7494454 -16905675
-42972408 8544801
-3119328 60460373
49784204 -382703
-42083105 -17197988
-82779861 64965049
-2305316 76706207
-35310409 -37894678
-16428905 -71733622
-22063736 55783056
47131251 -6447787
86087743 -65557911
-1083407 89642582
96595192 63335320
62897183 20483225
-19905077 54410019
-24658150 -29259439
-73763711 91017704
-68240341 -50141209
-68542565 -28307803
-71051954 7836672
-33713556 -64475127
-15996934 -7949750
1999166 91252995
47956336 99689270
93392336 -88327372
-86657914 -81137106
-92743549 94121217
-63119866 65666119
-50749900 11653221
92029396 -16507277
-94919642 32438118
-99021751 66888916
-47245647 96350604
-92989297 -47876686
33278954 -73568810
33429123 28365671
97050927 -38882736
-43001030 56963372
40821518 54921811
-24657734 -52775104
57761909 70166169
2411416 47803622
29766736 96581365
-2272296 -29412238
-78256458 -90219644
-68250365 49629091
5851900 26005605
92682201 -28800268
-47782544 -94860046
-36606280 55658809
67467428 88500225
-97662281 -20799054
45465328 -18701286
-38325932 -34225518
-93094358 -54564234
22186025 -69872570
-3576609 68064256
96771547 36344086
-81028677 80159357
-29172614 33490333
60115730 79431746
87474922 74769593
87248017 -43199002
48539677 57262758
-74969747 70922890
38558858 -36469325
-20940896 34980264
21812464 79587211
-16587826 41293509
-74728352 50899555
-11292330 -99835837
-89736457 -19556981
-11295731 6307050
-40478513 -59145198
-26783468 5265618
-12591629 13838871
-76065604 -11119163
-5339752 -60123353
15413957 42576291
-49762128 -67128458
96139389 94032368
-14944150 70692102
-16144275 67034831
-21862963 26570490
-12641032 14511957
55439608 63960855
3398129 -20567251
69920926 -53694768
-30614128 -19330499
-87057397 23582796
-58550866 73276791
254375 46911033
98763956 -61917993
-57510331 -66279570
-17506433 -75735514
-16156967 -13328787
-71741465 8841414
-32146479 -18952686
-58779615 -25426047
-29756104 88038377
-83179319 -93916796
-43165802 -47043185
-75447100 97490606
65337046 -76797348
360811 42930464
-88943862 53944091
96244554 97624656
38087220 -99777260
74070781 -26624119
-9536027 -7382312
4368071 -12085004
69150052 19834434
-54599775 14144706
91936554 79213031
-5774187 -39678742
-17610751 -51479770
90747043 -36056955
-26069061 27552032
-38029582 84587108
-53566538 -13416256
82312617 -79188990
-77450644 96289665
70644455 58279544
-4871586 83433647
60855150 80803676
65650153 72091400
52930042 -73650153
-27980652 -71699846
73996853 -78213082
-70944137 23620095
43669770 -37168253
-94267021 -89482361
12175066 2279316
48041836 47988817
1271995 -17744513
8580529 -20707806
-72827737 -21469091
-96918178 1151255
2796465 -96539901
61801694 70670942
38305008 -88350918
96594043 -24001453
-43001499 -2808778
-50940471 -72253902
33271599 55379335
-64431899 90595171
97802341 -25864360
23566732 51065956
-59654456 32364536
-23118432 -44629604
89507751 -76997245
-87343450 -18941072
-74306020 44734022
41795681 46309009
5405945 -49519495
-40979280 11002091
-73796997 68827697
87504296 -15044846
-50159254 -36304588
60484542 58384460
-10586016 -52028212
8255120 95309967
-22664346 -24514828
82865009 -25325092
-8854565 87514409
51368566 54765435
-48660205 -77626042
57882129 37339974
-42909686 -9282441
94152080 8467745
-92702827 33079336
72312046 -85058067
-38902938 -32872978
46328590 23755526
-57869024 -22597725
-10613641 -15107244
21553035 -11793002
-46420771 60670261
96431942 -79948031
-1270062 -77554066
60139416 -37094481
31354351 -4105208
33726171 -82422673
-26728858 -74807640
73879909 9673354
99754210 73902505
15709992 -50645222
22415355 53461887
3579557 15836898
44626192 74660753
-98181003 47141651
85112013 97835119
50087416 -68063778
21709993 4039577
80274179 -77016584
90463640 28968165
36943090 14585443
-87011875 46915140
-74121258 96359125
78432679 59877186
-97128729 -72581263
-13533401 75356184
-60160197 -3388383
645245 28230309
-14548253 1717742
-67870598 -90534314
-22401036 35210706
11426809 59277706
-49862191 98275631
48456580 28701698
-35047345 84595087
-70587436 -83781292
-6368608 77871325
-75190327 26047364
-14032940 -75402040
32195196 -26873513
85252022 -3920988
893471 90805488
82633677 16003403
-67280320 -71658039
27606013 13593948
-20289652 88622465
999611 -16935520
10311139 -70916944
-28175517 -64477782
-61254526 -80059599
-48140991 -17436843
-15432261 -4114775
-25948743 -86292413
41494819 -64937757
-14695863 -44131070
96219904 62727436
-45629830 -10107739
-17520181 37663064
-71741897 16551949
-82616606 63033699
53964662 -59271619
65869548 71295772
98974268 31234638
-18729053 -97922286
-68716031 -64874768
-41249623 -42157576
38331153 -63007875
65834249 82620211
-24208091 -42105250
-36756994 77362555
-19761849 -37363578
-78244926 89346663
-50069760 -33577397
-5456034 34954998
95686478 -8165263
-15045439 47616136
96754878 -14716093
8630450 62694029
-84990924 2379875
-92488079 -77819767
-56308684 45222679
9994889 53150047
51580972 86789068
51148594 11429421
41129375 -16807371
-2642793 -37626984
-3361550 21133667
-51774421 -33299869
-90436890 76551914
96984841 -14414068
-83963758 -29014261
-48370670 74954824
-84965731 50821342
-71183690 -46554784
-18101763 -37064327
91484362 -88224157
-63026883 34047298
82710600 -80182707
47773647 33563968
-23045882 31517842
85126373 -50645755
-84702767 46054394
6151675 94617346
56249080 -5911773
33142339 18660276
71246795 26749114
80302096 -31476941
-39199856 -83941992
-94793344 -46802093
38894361 -40080226
-40562827 62325523
-94198579 75950730
85817885 -26246075
-82660575 47488090
-13093602 -41146415
50883416 -74059349
-97619603 -59251228
11991581 -81921963
17427800 -65417009
-12824119 -20464372
-46597757 91162518
-81105610 39807688
45820014 39957890
95952985 -45616031
-9234579 -69118385
32120171 -70690076
-7054587 -96886276
-74317321 42759344
79206841 63026821
18095458 33021851
44825058 82937062
-61821016 98759046
98373157 -6301884
33908024 64272604
36677010 58427174
58672770 43327879
76118557 70152221
37772788 51268723
-93302998 20929737
-58087970 -29268645
20130624 -23819792
-2725262 -92252837
39514915 -64105858
56389752 -60114358
49191695 -56803712
44529930 -90791524
42511926 63787743
58293633 43246536
-59885274 73886164
-19689276 81195767
-5319675 -32321255
-63082541 -49205834
39332058 -97086999
65021694 -6289733
-57213689 -43423922
10746096 -48938256
-11966929 56532706
-96618350 23754599
-57270942 -21489796
71818824 -85359666
16514623 -58647885
-9690514 62433449
-63544902 6343188
-39636817 14995893
-61945436 15295431
-64927427 32523675
-77147727 -8900304
-65035310 -39978016
51149089 30262223
13701506 60130617
-94363975 -42661549
23203284 -289516
-63035164 23888546
60737108 71678839
-12190824 -14749002
-15727330 -88932447
-52330659 55934047
75957470 -70014772
80461268 30756179
40228700 -48341907
25781537 74625354
14987082 -11970942
-20360515 95665014
56525560 -92543575
90368031 -7214057
-60785696 56774081
-4941763 -11938486
-13927250 -49220279
-98953217 24108232
-35236821 -95102187
87179463 -84795805
-39788153 -64454978
-66155465 -47507198
-57604110 -38292833
45386144 37564316
38570395 -55209289
-63540723 -81811509
-29737138 -2343112
61895791 -78308602
24780179 -70706100
7560020 54575567
-87922076 -77510223
93193422 -99633057
66605992 86926303
87154240 69679569
-70669599 69587654
26102042 7196660
64539932 -70831749
77353720 -65898935
-66675792 34747561
-21863936 71805418
-67621560 83523075
54767594 42642941
29077036 30016351
-50132807 53802038
-57734142 -23989714
15772542 -91834259
70048361 18807956
62731064 20733798
10225089 99646952
-48078335 -41746663
50115916 -50233344
-86414128 -43812000
81048993 -82309555
60739633 -15963482
92175167 -24426371
-18519684 -97569967
76010512 45545071
49056170 -28283582
50885549 -17252873
42799604 67636486
59318249 80914442
-37560445 98904898
-39424105 85321710
5540353 93126926
-47321205 50262252
-6316064 29405508
-17649366 -90642514
81544814 -55670255
-47158581 65000096
42517004 38835843
93441442 -36254795
31376974 -46791287
-96196456 88084190
13659574 -27196624
90239685 -76541724
66367260 -71310189
33177345 -7261544
59594728 -6844539
38296770 97386149
4086967 63091843
68070732 -39512334
-7813807 32403500
-88314608 40106618
45360210 77565174
34827532 -59371833
-89652232 29366098
-28288373 69395055
-3420802 -93239256
85252792 63868759
90686410 -15184525
-24515956 10970833
88353279 34653670
-81686937 -77277313
-37487218 -79810123
-77580828 60133006
-94255902 50669752
56363992 44707216
70510 92780504
95582425 93928295
-54581360 85686052
-15565241 -32123213
-54719733 72974786
-44953080 -88109930
48008185 -2702090
-75552109 -1078911
-39566337 -52638514
47165062 37440831
-65440858 33164979
-77152723 88120505
4541117 -49275760
26126736 -42492337
-74147421 69905640
75812853 41621117
-66420212 -75758149
-35577253 44064075
-53633031 -11692076
20619848 36823799
6748080 -36166110
73881771 -20719666
-30339699 89999453
-53341554 -84230289
63342933 -13107775
85905336 92748191
-41665907 5024235
17700194 39368131
-79851895 60831021
6178676 -12671084
-93872311 -67016945
-74031511 51004491
-62608262 -845284
69968069 47598731
-29439719 84649702
44552466 60529240
-2280907 -70711901
83183765 60538687
-6810524 70887437
22244628 -47751392
-75358924 -7583195
32220973 -40626091
90781956 67012393
99858521 62257641
-96729527 81733947
-35754241 3922758
64825125 93794755
85105325 -57811293
-51031175 -55234482
71461425 17998354
-17011216 -57098743
-89323103 37062465
23511677 -2480937
-6559429 -47514282
-99107234 62218481
3433419 -23204627
14713122 24520600
75940331 -10179554
-5096227 -38987931
-32073023 58950615
61578237 -87110729
206959 -93070535
-2277268 -83839356
-50077576 -6546155
99246411 -20003294
-9162425 31197281
-65600361 -34784112
-77080672 54320664
-13667901 -87205214
-94367997 -11361253
24151134 382105
62741610 70459427
-41693405 64348603
87883338 -94699225
-81308781 62286971
-83701813 80022549
96072203 -37719500
58586047 -26541128
68878699 68998809
-14950691 72711061
-1607351 8845588
15437298 -80423181
-58961715 72941380
96250124 45187682
85676890 62933640
-68929118 28301843
67950697 6526266
95854620 39382018
-44469573 14668893
28833062 -5752825
-15624711 -18798886
15536516 -90332002
-55202704 59579581
-21801649 56561561
1099488 72207209
-36795417 8228863
64087088 -41778340
83565215 98803691
17207215 11825228
-85686827 -56842689
81745116 -22469092
-39811601 -84311260
53471476 94347744
-11216404 1214451
-54246090 30590714
36286245 22069512
-22486474 204015
6468346 95189759
69870694 21890909
-35404540 -1523896
91481963 88324286
47958670 -20654436
-16377499 -28866142
-27421380 -39100667
91708168 -98212808
-9966972 63804416
61473990 -99361140
1657513 -32441603
-71546893 50202429
66785137 11628527
-37381334 26617108
-22731625 -8455853
-24854233 50001266
45237765 78512719
-2613504 -32192856
4593160 -9965719
15331718 16863141
57216540 56536567
7147308 30817443
-28032412 -5619937
58909573 94024837
-2409850 47144354
24231456 21678392
95672141 56775084
83108678 33096231
-83012164 38843969
59884945 -50071103
-12296026 -83295114
40177195 444154
-36336016 -33173606
-52026056 -18772295
-75491406 -45475878
56373650 84872432
46241758 62720695
55749791 -77527943
62229608 75229027
-27056120 31385162
-10929118 31021287
90538016 -26071909
-37349477 -20232168
19053100 -46074248
-18583657 76994804
12912097 35081880
36296256 -83539897
-90566647 36865963
-89626024 93458173
-104515 -38483615
-78665859 61621280
-62741859 -3017135
-67365984 -49944924
70212868 -87984684
51687359 98088844
-85137934 -60157237
2718030 -48042525
-85259591 12351013
21893878 56138117
37147940 -81804245
19333043 56206274
67390630 -2039550
77036263 -7305667
17259007 -43104705
67806741 60378158
-84452461 93061330
-40415551 -64220950
-231395 97961764
-64434900 -46390835
-53492318 -83072821
-49716710 28246550
-10824343 -35988343
13826166 -5018013
-16166285 -89032344
90262284 -16008558
-73596161 -47054758
25356526 63559899
-82795078 24035691
48726904 14081107
-34161777 18961970
-56953247 74938473
10377674 76497740
-26708511 -36056244
-20266978 14873729
-46566506 17622491
39598938 93456518
67828795 -99219598
-87297663 -21782608
73074504 -45430065
-9525320 -18083620
45844943 -5107378
13914363 -62499770
-43237656 -807717
84054432 -90644713
16612456 88478152
75362370 33572288
2019828 -27394116
-41492037 64910567
62331989 3314713
-14716223 -81836756
70835750 63861607
-26130157 12319677
31826733 83855768
-96182549 71196495
-91026213 -61107049
-54984796 62666756
77996980 27821669
36850791 40192330
-75000877 30872249
-46001980 -19607423
-88692518 -32033705
-63368014 484034
37160663 -44691698
6091503 -52366379
-53415658 -90044606
-59732476 75189463
67649286 -47362097
86713017 55644966
26519926 22556310
99602932 4944448
51388608 -26828377
-12123366 -54403158
-42779844 -97051942
-58564989 -44431146
-28197108 -76894829
-75031793 90807612
-63145007 53214924
4570498 -21830616
-57162759 -2115459
96366310 65631310
58134759 -26303811
40527099 -2241511
52752219 -55098897
14034797 40238520
-39905502 59315650
-78373562 -54107107
-8770335 -18970933
30303519 50834142
27449038 -13117504
48526790 -63796253
9336203 -54712652
-32394540 32408948
32954399 32966146
-30062164 -72325018
56759808 -93963139
24502133 22450247
-14909579 48999047
-81575389 -11950602
13855603 -38369023
-49959956 77005992
-20443349 24212218
17359921 -44398112
-77333290 -72045586
-69271684 -34146409
-41980735 33863273
16260927 -2919952
-37631710 -67941251
65266637 66312755
33431539 -13515301
-79950302 22701603
-85876418 -71639042
66578553 -78813390
-19631693 -10576484
73031212 -6320006
-15625208 -31878525
-92081414 7159209
-42602591 18748962
31776602 -62093351
-24782097 2374677
43944620 79447985
-84589740 35860466
-91432266 99337955
77830458 -32480367
29965156 27538185
51455487 70164956
-1963572 -43421934
-72634729 59941890
-66390071 36468689
-53280467 -80058561
-13051682 48083100
17626065 49884014
-99938365 -14460651
47312598 -38751390
-5837598 -18166566
46530040 72806295
15109078 -50327603
97665567 70749722
-26906431 64883339
95610365 93870575
53393598 80459795
-10635386 1232631
18295191 -54783716
18017593 -32701470
-87906164 941113
-54753198 -43083214
65159960 21602627
-88544051 -93888294
90610819 57032041
27290726 98262786
-65636743 20605597
41982996 70499365
12441614 -90779928
93880776 -22333579
-33566028 -92258959
61049466 -46074649
78296373 98211287
-52012623 45740085
90289430 51070848
43383607 -12991924
7007422 61073138
63351587 74073055
27460723 28582627
38185871 78681465
-58186664 -59339803
33976300 -33556526
-82304684 -50503009
85552376 -59159281
-58791163 69452564
-86284217 -63662636
80032674 -91716128
-31890231 -51291997
-25457276 -83861808
-80727545 -7786800
43724225 20270533
-73784649 74627668
63241610 -47525410
16261681 32474779
50150881 -33088517
-92682782 -75536321
66454051 -53266982
-189638 -8066211
-44548753 -21702442
66794721 -76586685
47180859 -26688378
-42614544 -26434035
96326130 83016500
39066959 -84966934
-80132976 66110638
-42761184 -21748110
60123702 10205782
-74712858 71456364
-66471503 79722540
23460049 -67067135
17312163 -26143161
-2385232 -90321761
51103141 -95710798
-74277969 -50119678
-90459990 98017223
42826016 61917325
31031725 97046787
28212605 -84828709
-41910348 -83886838
11535983 -57913524
-95334569 -85623955
53723455 -41164326
-61759854 -17478355
38140614 -23768755
-33439551 96282114
-76344949 51699709
-32186288 38823973
-87111144 -28673140
23854990 -27377807
-16138701 -35493985
-53783772 41000095
20181249 -79093368
80766767 -68734656
17505699 -56705808
83490747 -1770945
45415157 32376581
8876931 4479302
42307526 -1236986
69901102 -75481506
-56301419 98995397
-85848822 -54272456
2242939 158048
53165019 -54977301
-46619222 24504695
11084023 -99063053
34399007 33049848
-92262000 -77539743
65243612 -13776100
-48034451 -19500024
49269864 -43681587
-36740102 -94407581
-71492627 -43756886
90100532 -67740372
-6538578 76861384
-67171150 60219346
-30390716 15482646
-89158622 -27045197
-88063467 -3613206
-20518458 -84043356
13088113 52894834
28474128 74352891
-49722597 -87604026
86525314 -52520490
34314779 49086189
-89498264 -46082139
1486879 -1752096
72257204 -17280335
-38338493 -68651522
61620904 18916818
-26393738 -54274006
93441583 37619860
-49275248 -34795912
38774174 68161415
54723864 -72433444
-6502071 68843026
-12520346 -40504093
-66904016 96350916
8153370 -64206368
89419993 97351410
-34253969 72233615
-654937 -37415463
-42943753 96268950
-64959173 -4701580
-84009354 45357336
56856515 45261615
23396066 52190565
3554281 31812816
-49261548 6217955
47101976 47332481
-81816937 13623204
-24162110 57918834
-99400372 77962889
-25825594 15588906
84170786 75547751
-50726192 79087473
81389203 -18024896
-39945558 -74035065
-7953771 -27121881
-5272881 -53126182
-66562141 -18752326
-84022773 26386442
75258043 29971456
43416629 79233017
59871875 -61941734
-24368483 73461042
32251521 73825227
-89060271 -67056464
81959556 72679718
95410385 24815258
5675607 -39136339
-5977619 79387607
91726038 91643278
65545148 -34395562
65061855 89247219
57914225 87124554
57663581 40035825
51930003 -59266367
-5683688 38537541
-10548 -44023932
-22019620 13561441
48783915 -53781866
62849746 54948288
-98714988 38504043
99314826 60033620
-2977463 31142366
10295394 -75012920
-26274447 -78428346
89247553 39342846
-61280616 69063780
-50168836 -44594713
18061356 -4343020
-3759416 27963869
-4195725 574455
67799323 -67932616
68238645 4515074
87341882 -34999597
87240712 -74851203
-25956789 17209873
-72909364 29641662
47649561 -4527139
-72822481 -89260161
-13710150 71007550
-96631333 -57693352
-25762244 -3978545
-7490998 -75141300
-98003472 -93773556
38879075 70621159
77065014 -80234681
28635905 90719140
-4450437 -21408121
-49166127 -23197561
38321655 -67174908
40620856 -23154549
-88917008 -8755954
40507165 10109068
60746233 8769889
2393106 -24871386
-70787430 -64501798
-51458384 23621211
-45914406 -44676423
9301885 84436913
9341313 -23570506
68198994 -67984495
-57697188 -7020884
-40480920 61243227
-24735220 38634335
1784340 -30286523
-25990840 17332806
-32345329 22215672
-5983996 51129904
-50905273 12866556
-24075264 -78038250
91718162 -48915312
-56397922 -308389
42128911 -98449343
-80382006 74657867
-52822350 82362825
34745915 -36240369
45952697 -79147855
47016603 -65663347
83205500 24272594
45104541 -20171731
-46460177 60897145
95384409 -92092389
-25000448 -2722407
69026543 47955465
-33560603 57570859
78594894 91648170
20945362 20376565
-1048268 -81476593
46063097 3617465
58684374 -9477027
8432490 -87964453
-57201719 -40446977
-99214516 -1717538
21381154 -51442070
-95288001 -65934498
-57546042 51480227
-11657096 18909876
35742022 6462772
-23557788 -31966133
55721181 -35129263
16646832 -74956830
13664455 -46204728
76676767 11460007
-66737183 -65866624
332178 -90816180
-35807053 76534807
88930380 95652610
2224768 -35059948
96385123 78883195
-71572185 -82032724
-34387162 -27881617
-98969039 -63458640
-18765593 -53333640
59624999 49106564
45991884 -45264175
98142860 91868028
-94385276 6872234
96497874 -82655263
-22714693 71749441
-38785938 36632066
-45485916 -30668790
91296069 50515867
16979063 -50928021
15498243 97943944
-12895130 -51201262
-14030775 -66889398
-53522930 69682988
-79954771 -1236694
43098463 -89566002
64781775 49141501
-97615675 -34771149
32278731 -49202185
-91348145 -74645840
-99193236 77875700
4688296 -80530594
-23242264 56723796
-25961422 26319495
60564243 46084643
-11304219 42603015
9629914 35336484
77174620 63118705
-30806175 4777941
-63094880 61697501
-77962494 -45203976
22751455 -63475762
21689408 -92231159
-17768895 -96131211
-47621200 76633726
23892638 19705219
34648099 -69246018
10715055 -68466752
58253683 33923700
-19334363 54487714
-98543189 -34695834
20323939 32580162
-95227728 96205890
-15318830 -83576044
795884 18667531
95086259 -56654323
-32271285 -5853696
-26579603 -92095078
35771293 -18877848
-73581872 -8997858
-89129843 -65695923
55953025 43497897
-71796623 -50080835
23443686 -63906038
-25401629 -50164154
-99828568 37275581
-55805818 42244795
2833395 99865611
-86928693 32568326
-21749098 79799946
-27985834 -70025629
95766140 50583210
-43450804 72047444
73634883 -15566607
-5271586 -12366005
-89695340 -33925055
19763858 -38557229
61239826 22167937
3589578 -57447539
79327790 62402609
-89024377 60671177
-76470775 16692629
77402449 97714272
92140929 -61411323
-15703471 -95092188
21185487 -72674266
15260904 76161555
-53191403 -94918820
-2289146 -8615983
-37157208 -6010885
20432152 7231466
-60032749 -53747150
51920572 21227031
-30747510 31500353
70657115 50881590
-58493812 -46309459
7626403 30277446
-54138082 -39259056
-45045635 -1691208
-57973452 44191153
89670435 -88274868
66101214 -44524205
27354173 -18478304
-44802965 -56472866
-2362534 89947457
24025832 56654106
30664082 -84752108
-52077793 2755603
77593915 -38888995
-58937214 -5489057
-59255696 -9472034
60803500 -9377413
-54698093 -19789758
-11340767 70133014
16835892 -17171387
-21662565 12501861
13133160 -54664071
-64250655 -10147433
-34008501 -43896873
95413710 -29362300
-81184464 77304674
11995372 -94217441
61432559 98107367
-742562 88451661
-78847174 8877486
-86988072 74862570
3556770 -8092548
-77709410 -23959179
24049060 -47986625
90816886 70623857
889727 98423503
-32435544 50253922
-15930858 74822226
23201494 71208045
69425292 32671537
-72032443 79028767
81871317 -31051415
34102895 14527704
82031535 -28290944
7562804 -30958966
-65086561 -49260454
-70682321 -94258669
-29080518 92680610
-93965194 -61260080
22299916 -63907045
12345400 -2286888
-32812944 5823000
-68397695 -379461
-41538811 -50498158
-12589190 90068532
-29635296 -83561064
-53560587 66884588
26581912 -35235632
-59647755 76778418
14141280 -83849113
25814010 97251501
-88792790 16568883
-59482564 67450002
4478894 25635281
-35062351 70050754
-67097133 60394503
-91252376 36784217
-61643983 86103192
-46027101 28803134
-67222235 22025338
50220289 -87041728
-20318871 82605523
-44715388 -37544664
-25705975 -27315382
9525150 -6603659
-69414617 -66115164
49757513 -8329861
68802710 -13959629
-77756581 21404599
33966802 94762031
20755943 20847607
18582839 72944312
-12656251 53235047
-5649576 19398135
27931680 -78832544
70582670 -51554824
-35733554 -43927788
-24218841 -27829100
-35079365 -58996860
94329313 -68237810
77058568 58796791
-42581061 28836610
-85521447 -22375234
-17439647 86332006
-5015107 -29076433
-6443217 -59303124
53798589 84711953
-29182690 -80021683
81442271 82342488
92834410 -31935090
92511492 -16113136
-2767951 91543820
27064450 84698404
67148544 87817707
-58040551 -23063600
94805967 -95274502
14624741 4745310
-26565423 75472455
-21830666 89874374
-92072161 -43716608
-46426124 29311262
18192879 -90773187
9784232 77797714
73173155 36141903
8289316 -3008126
21220213 15224791
-4508280 6086127
8981893 41159066
15696518 -1629210
87565726 -89564596
-10221835 -51959312
-3362511 682887
-43467342 8703778
-14906438 49642588
70424600 -41929137
98574618 -60311148
36348771 -7912394
44152951 -52649826
-27436946 -57850090
88664633 61180104
44142922 -30265306
23241651 59942701
-62454408 -90539317
85872448 22653939
53398925 -76160368
19057307 -54426565
-55462462 -18625073
-17781229 55858534
91459054 34289367
-82113955 67632473
62797592 -53561773
42615573 26036446
-64292071 -79292288
54848278 -69964157
-1314279 -54225041
-3873921 -79066796
-12434796 50892374
-15879212 59926468
49608555 76414578
-31736643 34939477
3646460 93744990
-70467563 -42435023
12233492 46801204
85829053 16447116
-52989722 47018812
80018441 -78164079
-37672582 47178838
18959010 -98406482
61591023 -53665142
-33620641 87945419
37358238 11185287
84012311 16472082
51381794 75515725
-67950806 74383419
-88245984 -17357817
-18669771 -45063112
-2506753 -48589836
-99301454 -79677296
-44181587 14635926
-33150775 -38268812
-29253866 20309912
3229768 43174373
-9981901 -39529358
-71297269 75207481
34881560 -50250655
6820037 63171211
-88943072 -64302951
-20787304 85392806
-72075270 82578772
13572526 78423514
2056267 -74959787
1386452 -68496685
-21877075 -56104188
-96953832 61074462
-81275527 84641083
-31462303 2023263
72748559 14665989
84217276 -50642880
30261996 41792075
-98911237 -9094759
84187772 63166372
-2151796 -29558291
-50269125 -60783422
-84258521 -52638075
-50088356 -35683531
31100432 8027257
31356801 61334002
56941070 -21653269
85642897 -42637510
77578586 24804605
25829003 -36225811
28013555 -56833279
-45055418 33650862
-47042957 -97037586
-74242875 -74140892
-2564101 -77076418
-80966651 77427154
79802971 8973943
36476113 89743956
52895935 48299058
-2708080 22643696
-63776219 29939005
-46983745 8603099
-77019626 -92128914
92402293 -20690597
82201962 31114810
43527734 -26275898
-25076092 95158494
-70220001 -77856205
-30911050 18181707
-51611155 -46053883
66761564 -44061837
2725419 29833121
-50185139 49124780
46254331 72535948
-53169172 -49202434
-77354869 -57828632
67510927 86832536
2806360 25907843
-46381638 80997297
49856265 -93162231
521018 94287466
-69969654 5539357
-65127445 30008351
-81700152 -57046162
79074976 9166177
-40141679 57137383
48408360 80576460
-25067234 -67293195
-26147454 70077393
-2880868 34510365
-8041332 -93603395
-2146915 -40912221
60332858 92930000
-27787246 -27042500
74313583 -30763420
51339613 7434000
84800425 -16112087
11728965 29909871
7570626 -95350747
-30005065 97458593
45583993 -2265109
7180656 -69786539
-71550966 -85574093
-88315327 70466144
21898336 -70429211
-99323660 -41592395
-73387140 -86479610
-98767688 -69473861
67179646 39686464
1965518 35665382
14411565 -86513148
21956097 43509653
21999116 80771216
-62711011 -42398507
72547182 18205366
