1
90 3349 50
442
216
772
341
816
299
185
460
554
86
478
782
265
58
228
610
493
564
727
108
40
937
820
224
507
532
697
321
571
17
710
632
951
789
718
1000
536
783
559
36
775
935
869
734
711
114
813
848
391
693
485
494
770
780
963
126
505
704
25
634
435
107
956
992
514
21
69
630
284
851
583
462
240
212
149
737
267
167
79
562
440
755
477
607
616
958
135
609
550
44
515
509
626
464
128
333
205
278
655
534
78
815
15
398
118
479
851
641
123
965
325
750
520
682
283
279
894
871
230
35
692
367
954
25
165
887
632
546
585
634
48
355
31
959
204
953
732
44
471
815
40 5
14 60
49 37
31 69
8 68
30 76
31 43
2 40
78 60
18 58
72 50
6 19
34 36
86 56
80 17
71 19
85 68
78 82
8 82
59 83
7 38
36 6
18 4
70 8
84 18
38 58
4 7
1 4
36 33
50 71
49 27
89 11
45 14
60 4
11 21
44 77
73 7
25 14
11 17
56 71
76 50
79 28
50 31
37 78
82 4
17 89
56 48
33 10
79 50
20 22
68 3
87 80
48 81
81 64
55 39
75 21
62 37
13 5
46 82
35 22
73 90
63 88
3 57
8 21
62 75
82 18
78 57
84 70
17 9
7 28
66 16
55 17
68 35
8 53
88 54
85 27
14 32
51 3
84 90
18 37
68 35
32 46
3 1
27 56
32 65
10 46
15 16
69 51
48 7
30 78
3 15
17 64
56 82
6 4
4 5
87 9
72 44
83 38
88 68
62 1
89 13
38 23
78 90
51 73
24 19
79 62
12 87
39 22
79 24
77 18
79 54
24 37
32 51
53 59
84 53
69 16
73 47
75 11
42 16
8 46
79 71
89 65
16 36
14 15
89 53
13 65
63 46
88 53
34 81
57 62
78 37
66 40
9 48
85 2
17 51
9 10
5 52
32 42
23 37
64 83
71 48
31 63
87 67
34 66
31 48
61 24
25 39
71 8
45 85
31 40
69 79
80 14
26 89
47 85
5 4
61 59
16 25
63 88
11 43
72 27
83 9
36 64
20 82
2 63
90 12
8 82
41 16
56 83
33 68
61 65
62 16
16 79
89 86
58 51
90 80
7 9
61 6
57 59
11 51
29 50
40 51
59 53
80 60
31 75
50 90
14 63
7 47
65 73
39 69
74 35
42 24
19 60
45 82
54 86
69 44
64 86
76 63
25 57
33 72
79 51
27 80
78 4
59 65
25 10
56 59
13 69
69 33
75 24
12 84
75 39
51 82
4 70
64 7
61 27
20 14
88 36
58 26
19 74
40 58
78 68
57 73
49 38
30 26
12 46
45 21
22 25
53 6
19 63
14 27
23 79
13 71
57 11
75 14
48 83
65 25
50 85
71 10
11 16
79 28
2 13
46 72
36 7
37 58
29 39
35 32
30 89
21 85
76 53
54 87
88 43
25 37
22 16
13 66
61 78
33 42
85 50
1 70
65 75
36 41
70 2
66 39
20 18
43 62
16 5
82 35
41 85
83 28
60 2
41 29
37 30
1 84
1 60
71 37
74 56
60 58
35 60
53 67
56 45
37 69
78 77
37 12
52 22
66 18
32 21
66 65
62 61
87 27
68 31
66 35
52 2
44 26
31 13
32 52
26 5
11 14
51 2
60 85
73 45
9 6
3 65
51 10
81 43
49 63
84 79
63 15
11 15
56 29
40 43
68 48
53 35
4 52
65 27
3 56
8 7
49 46
3 65
15 5
62 42
2 66
2 50
25 85
79 46
42 52
19 2
3 22
80 62
35 24
4 1
68 61
44 76
49 78
48 49
32 79
60 37
61 17
10 17
65 40
11 46
89 61
87 3
41 22
24 18
72 35
52 58
3 22
23 19
47 21
2 40
3 78
83 76
9 31
52 61
16 46
10 85
76 69
58 50
87 53
71 59
50 19
62 76
11 76
54 81
56 10
38 55
14 59
56 21
89 87
22 26
39 23
21 69
75 81
86 36
3 51
42 18
17 68
54 12
11 35
38 75
43 46
53 90
81 37
77 67
18 25
1 45
90 21
71 20
17 1
2 77
67 56
34 56
88 77
36 10
11 44
25 23
42 84
39 87
48 21
84 48
39 33
79 75
18 9
41 73
56 28
70 63
16 81
87 9
75 69
74 54
49 89
90 87
67 81
59 53
19 60
88 69
87 21
36 75
79 56
19 2
41 47
58 48
43 59
72 28
58 50
13 50
56 24
55 19
23 7
79 33
86 34
77 53
46 59
13 5
12 33
54 30
51 20
76 50
52 35
30 15
75 68
35 18
20 60
46 3
50 14
74 62
6 90
41 82
28 31
5 1
10 75
24 50
70 82
68 90
19 38
28 57
3 22
40 90
83 72
29 51
53 55
21 53
67 37
75 67
41 85
9 17
43 29
76 44
75 90
14 61
40 26
52 45
13 80
24 51
6 90
70 30
65 51
87 89
4 17
49 4
7 80
74 3
55 8
39 82
34 50
41 44
9 77
60 59
11 81
58 42
5 54
63 5
43 57
3 77
67 61
83 82
57 75
42 30
5 35
4 19
57 69
20 90
90 89
25 75
63 37
50 65
41 8
85 32
82 84
43 34
68 75
25 28
12 18
17 23
81 61
90 85
69 54
83 67
57 68
11 77
2 22
39 75
76 46
55 81
2 3
61 46
46 32
64 54
29 55
4 86
5 6
49 51
41 62
83 78
30 68
33 60
15 14
38 43
65 63
20 30
70 36
83 72
81 85
72 32
3 35
58 37
26 77
70 34
75 68
70 88
37 3
4 34
14 81
38 1
11 89
43 80
41 8
82 45
56 84
83 73
53 56
48 59
59 2
89 83
87 7
10 42
5 30
48 44
76 57
77 66
2 10
53 51
38 23
69 10
30 8
47 76
33 14
56 28
71 50
36 6
36 2
79 3
24 66
63 68
4 14
18 85
4 79
7 39
32 5
84 41
43 37
7 33
15 78
7 55
31 20
22 85
56 67
4 12
37 38
81 6
46 12
50 90
72 11
47 16
53 6
18 81
34 11
19 8
90 2
68 86
6 15
41 13
15 65
6 72
16 37
55 32
74 11
46 87
70 6
60 42
31 27
88 42
89 59
24 44
54 17
8 22
39 55
30 51
89 26
87 19
73 39
37 28
18 46
38 27
23 4
14 43
18 58
24 4
75 9
90 77
84 46
18 77
85 66
56 12
78 25
36 27
29 75
71 39
56 27
27 20
69 19
71 14
88 33
67 60
11 64
1 2
90 71
7 35
78 16
17 69
62 54
82 31
4 54
64 50
68 15
37 46
17 1
35 70
58 77
34 62
90 88
4 64
90 20
65 42
59 38
51 50
69 21
53 79
67 78
31 90
85 46
65 55
11 74
81 60
12 23
45 60
59 67
56 85
86 46
88 89
47 11
8 54
55 64
64 57
11 17
24 2
17 6
18 39
14 77
67 58
29 23
90 72
10 75
10 17
58 90
40 13
42 44
39 59
65 89
15 66
61 30
19 8
84 90
27 82
20 1
60 58
18 50
40 52
43 72
21 6
35 86
5 36
38 79
61 20
36 71
64 83
65 43
26 45
60 21
51 6
37 36
12 56
4 16
72 57
89 67
41 17
80 46
38 67
78 62
76 67
32 24
43 13
28 49
31 65
32 22
26 24
52 62
62 29
63 7
70 12
21 24
19 11
87 4
80 85
26 59
80 11
51 34
19 69
34 32
64 66
66 59
40 89
42 78
21 24
75 30
21 34
11 88
79 28
44 54
90 45
68 2
67 78
36 8
28 54
81 35
41 32
47 69
5 22
73 49
53 71
19 71
62 40
13 65
54 61
73 65
38 52
74 67
27 11
36 21
57 76
35 12
32 68
48 41
65 44
62 83
62 19
7 23
21 84
75 32
75 32
34 64
39 73
11 29
77 12
48 64
63 52
85 79
52 35
79 43
24 45
24 13
51 23
57 2
6 21
65 54
58 67
14 16
58 38
17 84
80 6
37 15
14 75
22 31
42 87
38 12
40 34
40 18
60 42
44 61
44 9
90 64
16 68
35 73
26 81
40 87
72 61
41 52
51 41
80 55
49 67
35 4
23 40
16 85
57 11
86 53
70 19
16 49
80 67
42 37
10 75
31 25
35 26
76 60
50 13
22 41
84 8
79 89
75 85
35 28
53 29
26 16
90 54
20 4
30 22
12 54
55 78
44 14
15 57
4 12
81 54
35 46
34 23
57 90
44 6
65 58
23 1
22 88
58 9
43 17
11 64
83 24
78 66
53 23
82 8
16 63
63 8
72 50
69 27
67 40
88 16
76 36
89 29
28 21
26 87
36 65
48 14
6 39
8 40
32 12
17 88
42 81
82 49
26 5
33 41
16 4
1 27
15 81
15 38
4 58
41 88
49 28
88 9
90 8
82 30
26 88
32 19
10 70
50 22
28 25
47 83
78 75
38 66
55 44
48 19
24 23
35 31
81 32
67 56
23 57
73 12
7 43
85 89
83 2
27 12
38 80
14 66
33 43
45 54
73 41
32 11
39 46
26 38
84 20
38 79
36 12
61 12
3 82
80 12
17 50
72 36
44 37
47 82
22 51
73 4
47 29
19 85
7 44
28 79
59 58
68 10
69 14
50 13
89 77
7 85
45 32
31 54
35 1
2 23
47 58
60 63
60 30
11 51
20 55
90 67
29 46
87 31
47 83
62 47
34 52
54 7
66 68
17 60
75 33
40 85
73 24
89 1
23 68
35 50
27 55
1 9
48 63
17 56
52 46
38 53
66 45
32 49
74 13
80 6
62 42
56 79
50 86
47 54
2 35
72 44
16 2
8 85
16 43
17 4
4 17
30 81
48 15
19 55
55 61
82 87
10 63
70 13
35 79
45 53
75 55
5 66
13 85
54 42
29 16
48 14
40 80
80 39
90 60
77 9
22 37
43 44
22 64
32 63
49 9
9 22
81 65
3 16
27 66
13 1
53 44
54 76
31 32
28 49
22 58
82 77
80 71
75 62
4 79
77 11
12 83
66 23
50 47
33 15
67 84
60 67
49 13
71 18
37 4
22 45
83 74
77 81
50 90
38 35
60 46
24 50
3 55
55 18
20 58
7 32
31 17
31 62
13 62
50 56
86 74
38 89
25 82
73 55
9 2
21 56
53 85
54 39
36 82
13 6
75 70
50 67
62 37
30 81
4 42
68 12
25 89
12 63
58 11
48 3
18 74
36 86
24 20
31 85
4 90
86 59
5 48
78 6
17 82
35 36
47 69
85 25
44 79
46 75
80 77
86 12
6 27
13 65
18 16
15 75
9 32
38 70
71 27
88 36
33 30
75 40
10 77
71 75
84 54
86 47
84 44
18 89
26 76
41 59
44 72
15 72
28 79
71 80
57 7
57 9
61 51
79 60
22 63
19 89
72 18
81 45
85 12
12 50
69 41
83 50
12 46
5 35
41 83
52 31
31 71
70 28
19 85
41 51
19 6
79 83
28 18
62 7
83 63
76 4
64 55
76 79
59 14
40 75
9 89
11 48
13 20
58 57
21 83
1 73
66 56
72 12
25 49
70 13
20 62
51 12
25 81
30 70
10 36
90 70
61 4
61 14
60 45
6 67
77 11
60 1
34 85
52 23
59 51
23 13
38 25
53 21
80 34
88 4
37 61
5 54
5 29
55 46
35 45
66 81
60 15
40 17
40 62
18 8
47 68
18 36
1 25
59 34
88 10
9 36
54 25
32 71
52 62
77 47
15 48
59 51
88 70
33 77
68 79
27 73
26 16
20 84
28 8
23 25
27 22
81 25
26 38
81 57
22 51
14 54
35 45
27 74
89 37
32 26
19 43
80 38
30 77
35 85
61 19
57 11
40 14
29 25
44 47
19 25
39 19
43 77
22 79
59 42
16 71
15 81
1 72
30 17
53 9
50 24
16 25
85 54
84 25
74 37
47 61
85 71
46 40
12 88
11 44
17 44
23 79
42 74
84 46
10 66
85 83
84 30
29 58
22 60
47 90
3 83
70 15
6 66
70 68
76 86
24 76
28 84
46 31
46 30
87 10
4 49
87 74
57 28
3 73
90 50
57 50
13 90
8 76
80 77
31 69
76 28
80 23
55 44
65 61
75 48
53 89
71 67
54 5
78 64
74 82
22 89
26 55
7 61
27 58
29 56
57 25
23 1
50 81
28 70
58 66
68 1
64 58
82 88
16 83
3 40
90 84
25 44
19 82
73 55
82 55
51 37
61 58
85 20
14 81
43 12
69 79
14 43
8 56
88 39
22 41
32 84
26 45
24 22
78 37
45 42
54 61
60 78
38 44
26 10
69 31
10 58
69 47
30 9
14 10
63 64
17 30
87 79
9 29
20 39
37 54
19 79
12 23
88 60
23 52
6 46
36 17
76 63
85 3
22 12
69 50
79 10
33 20
63 80
17 86
69 21
34 84
86 40
64 59
33 88
73 15
40 8
30 44
73 51
60 17
65 32
66 41
51 62
75 30
17 64
3 71
24 28
6 28
88 30
37 65
9 85
56 36
10 2
44 59
29 75
3 16
26 81
12 74
3 72
32 7
49 19
17 72
5 37
12 16
81 22
55 88
85 33
53 90
80 89
41 44
32 55
21 56
83 88
79 31
48 51
73 22
40 87
40 28
71 5
22 68
69 75
60 25
43 5
21 69
81 65
21 80
41 30
5 34
53 80
69 19
71 55
79 78
12 40
1 21
62 53
7 62
86 45
12 57
26 31
89 42
78 71
77 20
82 54
57 40
88 68
79 87
60 48
89 10
43 69
73 78
3 47
39 74
6 79
31 16
29 82
17 47
22 21
72 56
67 49
36 88
3 46
54 82
46 4
17 80
15 6
77 7
29 7
83 8
42 73
64 89
42 35
28 73
68 22
25 87
79 35
15 12
75 88
42 38
11 31
65 72
45 24
74 62
86 64
12 58
85 86
67 81
78 11
7 34
26 60
76 86
5 63
13 17
30 70
83 42
59 31
59 76
74 62
73 5
5 37
15 18
35 87
26 47
11 63
19 33
16 6
29 11
31 20
45 41
3 35
21 3
27 71
87 6
29 33
37 33
76 90
44 21
40 20
50 70
81 27
12 67
7 49
69 90
63 22
34 8
26 47
42 15
30 73
64 27
71 28
36 39
15 82
74 10
56 23
6 59
80 11
68 82
15 74
19 44
3 16
1 73
22 75
58 27
57 6
29 37
31 79
59 39
30 15
50 13
74 52
88 39
73 9
24 50
21 69
4 57
51 2
28 4
66 29
4 51
90 71
12 24
12 30
39 69
85 39
55 66
70 34
88 8
54 1
52 76
20 53
58 79
86 4
22 25
42 77
76 63
13 83
84 18
37 64
42 35
38 47
65 3
25 10
77 14
52 26
85 29
13 17
75 19
55 70
27 17
59 46
61 17
84 56
51 84
35 85
46 6
46 43
65 46
3 29
48 24
80 53
84 78
18 65
35 31
46 52
45 78
80 84
25 32
69 11
19 4
62 21
39 78
90 14
77 15
35 59
62 34
85 8
79 14
17 13
20 54
4 5
28 18
18 34
67 89
46 9
45 29
58 28
62 37
24 8
25 13
22 15
54 50
73 33
54 90
71 10
62 75
39 55
62 3
41 87
81 17
16 19
3 37
79 31
23 53
51 15
64 55
8 49
47 76
21 26
44 4
24 82
87 32
62 35
82 84
64 86
76 44
37 32
87 75
33 24
42 15
3 33
9 90
10 13
70 87
10 76
1 24
30 1
3 26
53 70
68 86
76 78
13 72
15 83
13 74
68 75
29 87
67 15
39 23
28 38
39 6
49 69
8 10
58 9
45 88
77 29
48 34
27 73
40 46
39 65
11 49
57 14
17 36
16 20
32 79
73 12
71 58
65 75
28 84
53 43
4 32
58 71
11 31
11 22
31 50
35 31
59 58
87 17
7 88
64 21
75 6
2 32
65 64
40 87
18 29
31 73
89 2
33 29
1 55
66 9
58 83
84 29
87 23
39 43
56 1
67 81
42 6
54 25
68 23
18 72
81 56
71 34
34 82
2 77
51 42
30 72
4 80
2 81
32 15
89 64
3 83
38 69
72 25
14 76
40 31
35 62
6 47
88 6
77 15
18 34
15 9
54 22
14 7
47 46
77 3
61 29
34 60
40 59
56 81
55 65
9 28
69 6
75 67
16 37
17 66
69 32
83 80
14 47
57 1
46 17
37 85
73 78
90 37
90 22
27 77
41 76
16 42
43 72
76 79
86 18
5 33
51 58
8 80
31 88
88 69
40 27
31 78
49 59
51 22
29 1
26 17
2 24
40 13
62 27
53 71
14 26
15 60
38 3
37 69
12 23
2 83
6 15
15 2
29 67
70 90
62 88
82 35
25 80
85 8
13 28
74 41
86 61
7 9
69 48
41 7
57 58
36 12
61 14
23 76
4 76
59 18
77 22
82 44
54 6
31 5
40 19
89 27
88 48
6 20
65 55
65 43
54 14
20 74
44 58
6 23
22 42
33 67
70 28
81 17
85 24
65 48
69 31
80 87
22 54
63 81
11 61
48 4
29 21
42 84
21 74
65 62
81 1
5 88
37 62
50 25
6 64
34 81
89 62
56 68
62 29
15 77
5 10
41 88
21 47
88 46
11 26
7 81
71 36
48 57
50 12
41 48
26 57
90 43
7 24
61 20
16 44
14 23
84 11
54 90
40 56
57 90
43 38
9 72
25 27
59 3
45 39
52 23
13 51
47 4
69 79
84 49
16 26
41 88
40 89
58 76
37 45
59 25
40 31
20 36
68 39
44 43
41 85
7 32
7 45
25 72
58 68
66 54
88 48
55 68
83 10
43 86
45 89
73 36
48 22
46 17
65 29
2 25
32 6
41 61
87 41
90 16
24 50
62 81
85 7
29 75
63 41
47 24
57 85
86 54
52 59
12 74
71 8
29 44
51 31
17 27
59 36
21 62
28 69
76 85
24 45
83 60
77 84
66 13
19 23
42 55
76 48
55 6
38 8
84 43
48 5
67 24
37 42
48 69
8 4
90 79
82 34
72 68
17 24
9 13
18 4
37 30
55 90
56 20
72 69
54 33
37 26
35 73
71 80
68 55
4 18
70 55
73 15
8 63
26 14
78 58
39 22
35 56
34 32
75 77
77 7
41 89
22 87
73 46
73 55
30 83
63 75
46 23
82 35
67 2
16 76
87 17
76 90
46 33
44 5
21 84
19 10
56 78
75 65
59 23
52 77
24 54
85 30
24 65
75 40
88 17
67 14
82 86
8 53
69 6
8 56
73 39
30 13
51 50
51 38
18 20
34 6
14 43
65 81
63 14
72 26
49 81
16 56
54 13
80 35
68 85
20 30
9 71
13 39
6 12
11 23
23 3
54 79
67 30
62 65
20 8
68 44
63 14
2 85
80 9
4 10
21 13
33 75
17 89
38 6
62 37
90 13
50 49
60 61
47 25
22 46
86 56
11 3
55 53
18 84
18 85
42 16
37 67
7 23
58 8
53 69
21 88
71 73
65 60
15 88
53 23
48 1
76 24
36 87
4 75
85 67
86 30
37 20
10 83
90 15
10 90
50 52
82 64
56 90
24 29
61 19
55 74
56 65
68 88
1 84
25 78
31 44
69 38
15 3
72 71
42 2
19 6
75 20
30 38
37 83
6 80
58 35
30 40
50 88
12 88
87 44
67 64
54 19
47 63
9 50
9 27
11 53
68 33
79 14
88 64
32 12
4 14
68 43
18 55
60 43
29 42
17 23
61 20
60 30
51 84
52 72
16 85
1 24
57 75
81 73
3 23
48 46
23 42
66 51
47 46
38 3
58 50
73 66
46 12
41 32
68 49
86 68
45 30
71 42
16 33
78 49
74 25
58 38
16 24
46 25
43 88
33 27
56 29
29 2
57 20
52 79
67 18
59 78
37 66
9 18
44 56
70 39
1 30
36 56
14 69
30 53
52 14
66 75
61 9
89 11
32 33
59 10
3 25
27 3
55 3
8 53
18 63
49 58
28 85
47 1
30 42
28 83
62 6
88 71
8 15
3 49
66 55
75 33
40 57
62 39
68 13
41 59
35 28
3 84
85 32
1 36
45 86
42 46
76 8
14 60
42 27
65 41
39 77
72 74
27 11
41 39
75 14
72 57
68 6
78 56
40 16
51 83
1 63
53 27
73 54
7 56
44 17
54 33
27 60
75 23
17 52
39 72
40 85
7 48
57 50
39 27
39 17
62 41
80 18
59 13
87 29
11 90
78 4
46 69
90 58
75 87
53 6
27 75
84 17
71 14
33 50
80 61
20 74
43 47
88 87
82 23
18 42
60 5
16 7
12 14
36 53
3 65
4 22
13 41
73 69
47 90
31 33
49 77
7 44
14 83
26 49
76 19
78 3
62 26
34 86
79 11
58 54
40 12
10 27
58 29
54 15
85 66
60 64
34 42
60 65
20 53
66 87
21 40
23 62
78 16
21 75
30 13
3 37
41 24
45 7
82 4
54 67
62 46
26 42
20 10
47 11
9 7
8 15
56 28
13 47
8 60
8 57
21 33
42 12
22 70
27 33
77 7
72 15
52 24
39 58
35 67
74 3
13 87
74 18
79 44
4 75
13 14
72 2
49 75
83 69
22 67
13 47
46 37
64 48
65 55
68 59
50 22
13 49
37 83
32 15
19 27
10 14
81 73
10 35
44 86
17 79
23 53
12 42
18 80
37 75
69 7
51 3
50 86
66 30
28 72
29 57
36 72
70 22
15 21
34 90
42 74
49 18
6 10
7 67
39 63
64 53
52 55
50 81
77 81
24 4
16 52
62 76
8 29
68 41
41 54
84 44
90 68
78 20
30 8
8 28
82 85
26 41
40 14
50 35
17 36
6 56
16 65
2 89
44 28
83 14
50 60
27 13
88 23
39 79
30 39
64 57
49 60
79 77
90 27
23 9
60 45
73 62
27 54
34 32
39 84
66 38
45 39
42 61
59 79
84 89
21 65
88 81
53 6
18 32
27 2
34 55
20 23
9 44
39 54
7 30
56 82
26 40
63 39
62 30
57 52
34 89
44 35
49 80
59 20
11 13
24 75
12 37
82 34
47 10
68 83
80 30
78 42
35 79
63 70
69 42
73 23
79 38
40 3
17 71
17 82
17 16
72 8
56 9
1 86
56 6
75 8
38 3
67 17
87 16
1 75
18 8
29 74
51 16
22 82
5 48
3 84
81 58
16 51
17 65
80 16
86 13
16 73
65 48
61 23
44 68
74 51
41 50
19 2
89 20
37 23
82 46
9 45
35 19
12 28
82 78
67 54
82 77
37 15
26 60
89 20
63 42
76 9
79 59
19 14
16 55
63 57
84 38
61 62
70 69
19 63
9 21
80 61
47 11
33 29
33 27
4 60
66 16
61 12
5 52
18 56
12 68
24 45
52 74
58 90
4 87
85 42
9 81
89 50
36 78
65 47
47 64
68 14
17 58
48 81
54 51
47 58
44 57
55 79
78 72
48 22
75 78
30 67
75 1
43 23
63 75
2 52
40 70
36 22
10 57
14 24
13 64
25 59
88 64
21 19
53 51
20 48
2 84
29 70
84 55
71 67
62 81
22 15
67 20
84 12
40 61
14 53
77 40
17 35
10 2
36 32
79 28
77 29
74 4
21 80
44 52
3 61
1 82
23 79
47 51
86 47
82 11
47 7
43 37
39 66
40 10
38 22
41 11
32 65
34 43
49 51
2 9
31 42
39 77
76 82
86 16
76 26
63 60
4 65
74 44
35 20
63 13
47 7
70 10
18 44
10 23
84 20
14 32
74 27
3 20
53 3
44 7
69 53
27 25
33 9
57 36
77 1
62 47
48 26
30 24
61 4
61 17
54 30
35 7
25 66
2 55
43 28
45 49
9 39
24 18
16 18
33 65
17 79
44 54
62 21
58 48
54 22
42 4
29 11
39 64
32 29
42 11
78 31
71 60
83 71
51 81
21 57
69 28
44 5
82 36
20 42
24 54
40 1
87 30
20 77
61 49
17 9
40 77
76 50
31 66
83 26
86 60
58 25
49 22
22 17
27 86
62 89
77 61
56 78
31 5
38 89
57 10
12 30
26 63
59 8
62 2
76 74
72 30
69 45
25 78
9 67
85 38
59 79
5 68
28 20
32 22
11 84
71 3
74 26
23 79
31 8
57 39
2 58
13 71
69 81
12 50
34 9
89 14
38 31
23 82
27 84
55 50
37 30
73 31
22 57
28 29
20 54
1 86
84 9
43 15
15 5
17 63
25 74
21 5
49 58
23 24
23 74
69 12
79 59
55 24
20 78
21 14
27 83
75 88
32 34
44 36
38 25
65 83
62 6
42 47
69 81
6 54
86 66
34 65
24 15
77 17
36 14
13 89
83 19
57 65
10 83
19 88
80 14
86 17
8 20
88 86
69 6
17 35
41 6
42 13
77 2
54 33
10 40
60 66
33 47
66 34
48 75
57 66
29 27
74 2
55 10
35 48
68 13
73 40
73 19
83 30
81 79
51 2
61 20
58 34
24 33
84 79
54 32
34 54
40 41
76 83
58 5
21 68
85 33
44 42
62 1
40 73
57 86
73 29
80 69
83 60
43 79
43 22
55 8
62 11
33 18
35 57
42 75
41 82
37 31
21 82
52 65
7 25
84 24
28 62
2 5
54 53
60 68
42 46
31 90
35 1
39 61
79 64
59 90
71 89
15 81
28 43
45 4
86 22
37 60
46 35
16 34
6 32
64 42
72 37
75 52
4 36
81 85
32 75
50 29
88 54
26 11
14 48
74 41
9 67
34 76
20 10
63 11
69 34
6 88
40 17
37 58
32 14
27 53
72 59
13 52
51 17
65 82
60 50
90 43
90 23
4 13
49 8
47 61
11 42
48 51
76 90
65 70
59 72
40 42
80 85
75 16
78 89
82 48
33 67
2 60
69 90
34 47
57 56
41 16
90 74
12 35
12 33
31 2
18 33
79 71
46 18
21 40
30 33
58 82
62 73
23 6
19 79
18 36
73 2
11 51
70 65
89 6
7 24
83 55
83 15
73 8
67 23
67 71
10 39
22 67
64 60
89 12
2 3
23 82
13 12
26 56
11 30
5 85
16 38
18 83
57 24
4 52
73 75
29 36
8 75
76 37
53 72
76 19
86 66
63 32
57 81
50 17
50 21
67 55
31 45
62 65
84 74
66 17
86 90
53 24
9 31
21 36
60 76
14 58
37 19
8 31
35 65
1 38
71 88
64 26
73 36
78 60
19 64
61 83
51 1
21 61
78 87
18 80
70 12
25 38
55 75
49 51
14 8
38 1
47 70
68 45
4 74
58 56
75 39
72 21
27 41
74 31
51 14
70 11
28 86
68 69
22 81
45 76
60 79
60 19
78 46
42 2
62 18
17 53
10 62
3 56
8 10
58 4
47 78
69 76
89 39
34 4
25 34
28 67
27 83
47 33
40 87
52 81
89 80
21 33
2 14
24 22
18 71
9 70
11 68
15 38
72 73
88 8
2 53
55 6
37 51
2 43
35 58
52 45
43 87
57 3
5 17
1 81
26 40
41 38
19 83
41 28
29 40
41 47
23 6
58 81
65 25
81 36
47 60
26 9
71 83
49 3
21 52
32 14
83 30
43 15
84 32
7 11
59 15
5 54
66 45
52 21
43 70
65 21
3 26
61 71
81 85
77 87
40 82
80 47
20 75
72 69
15 84
15 49
45 73
30 18
66 57
61 51
29 24
35 28
32 29
51 10
71 29
8 28
17 60
8 23
84 57
70 13
7 67
8 58
18 16
76 61
64 46
86 16
51 60
23 76
3 73
29 46
52 10
81 25
16 6
83 90
31 86
13 62
65 81
5 22
4 38
1 68
15 18
9 88
60 31
8 57
35 90
58 16
7 6
58 23
44 84
13 25
85 62
27 31
81 60
5 15
47 51
65 14
40 26
65 82
34 73
51 65
44 22
79 48
58 3
50 56
44 59
60 3
44 37
35 84
1 32
17 68
74 57
21 85
33 16
53 89
56 5
39 72
75 84
56 83
83 44
85 39
23 63
4 79
36 77
62 3
24 26
48 74
12 22
86 46
71 72
26 44
20 30
1 35
57 37
53 19
11 78
46 55
32 14
14 44
4 8
50 81
75 71
51 90
63 37
88 64
34 90
39 29
10 73
86 90
52 57
81 14
63 83
70 60
51 14
65 33
57 90
26 81
15 6
49 5
39 7
22 87
1 56
68 66
50 30
73 80
68 37
21 1
62 82
71 52
5 51
81 25
38 55
18 2
34 28
19 6
74 47
47 43
28 19
86 77
3 71
54 81
42 47
37 66
2 55
25 12
90 50
29 80
67 66
48 22
60 6
57 5
45 46
13 27
84 25
14 9
5 43
40 87
59 63
22 84
83 54
72 75
45 58
27 19
8 6
17 88
40 76
71 17
87 19
68 52
42 16
15 68
70 46
5 77
32 11
26 77
38 18
68 20
89 21
86 64
28 88
39 35
66 65
17 70
48 25
89 63
20 74
54 64
6 56
1 57
53 90
17 86
80 72
8 7
36 29
40 71
77 82
53 23
51 86
83 7
5 16
40 9
69 32
70 57
67 26
30 27
64 62
25 80
20 53
81 47
82 24
2 75
45 41
65 74
29 35
41 40
2 21
21 59
52 22
70 79
53 66
19 78
40 27
3 60
15 3
37 35
80 22
33 16
71 37
25 51
86 51
29 9
14 27
30 83
32 90
58 60
47 51
37 74
82 53
16 79
31 52
83 18
2 50
47 67
2 29
28 83
60 35
3 15
69 28
70 58
13 9
86 32
38 11
2 10
48 81
6 62
31 40
11 9
70 8
56 30
49 34
16 73
67 10
40 32
50 16
63 50
20 1
35 22
45 28
47 17
83 31
28 52
89 51
32 73
32 87
41 36
14 54
41 23
4 25
88 74
44 82
30 78
85 16
70 27
57 51
66 12
53 18
9 26
36 83
88 23
26 22
8 16
67 68
37 46
67 56
32 79
34 62
34 76
63 20
19 60
58 80
14 64
13 59
85 77
7 13
62 43
28 43
54 24
64 75
27 84
63 7
22 58
39 14
11 57
70 12
19 82
81 59
30 22
15 86
83 46
72 76
85 90
54 15
9 5
34 69
28 59
50 2
79 87
31 34
68 61
5 33
41 38
45 50
70 69
31 42
26 65
8 72
44 80
88 79
23 51
34 82
39 50
66 45
34 59
60 79
59 40
23 36
15 20
14 44
2 26
10 37
8 84
38 8
56 33
47 21
71 69
74 55
28 86
88 89
49 82
19 66
50 55
2 48
9 55
55 34
35 15
27 70
67 60
42 83
73 24
36 50
