0 3 3 6
0 5 6 15
0 6 6 21
0 7 10 28
0 9 10 15
0 9 10 45
0 9 15 45
0 10 10 55
0 11 21 66
0 12 15 78
0 13 28 91
0 14 15 105
0 15 15 21
0 15 15 36
0 15 15 120
0 15 21 36
0 15 21 120
0 15 36 120
0 18 21 28
0 21 21 36
0 21 21 66
0 21 36 66
0 25 28 91
0 27 28 55
0 27 28 105
0 27 55 105
0 30 36 45
0 30 36 66
0 30 45 66
0 33 36 78
0 35 36 45
0 36 36 91
0 39 45 105
0 42 45 78
0 42 45 120
0 42 78 120
0 45 45 55
0 45 45 66
0 45 45 136
0 45 55 66
0 45 55 136
0 45 66 136
0 50 78 105
0 54 55 120
0 55 55 91
0 60 66 105
0 63 66 78
0 63 66 91
0 63 78 91
0 65 66 120
0 70 91 136
0 75 78 120
0 77 78 105
0 81 91 136
0 84 105 120
0 90 91 105
0 91 91 136
0 99 105 120
0 105 105 120
1 4 4 7
1 6 7 16
1 7 7 22
1 8 11 29
1 10 11 16
1 10 11 46
1 10 16 46
1 11 11 56
1 12 22 67
1 13 16 79
1 14 29 92
1 15 16 106
1 16 16 22
1 16 16 37
1 16 16 121
1 16 22 37
1 16 22 121
1 16 37 121
1 19 22 29
1 22 22 37
1 22 22 67
1 22 37 67
1 26 29 92
1 28 29 56
1 28 29 106
1 28 56 106
1 31 37 46
1 31 37 67
1 31 46 67
1 34 37 79
1 36 37 46
1 37 37 92
1 40 46 106
1 43 46 79
1 43 46 121
1 43 79 121
1 46 46 56
1 46 46 67
1 46 46 137
1 46 56 67
1 46 56 137
1 46 67 137
1 51 79 106
1 55 56 121
1 56 56 92
1 61 67 106
1 64 67 79
1 64 67 92
1 64 79 92
1 66 67 121
1 71 92 137
1 76 79 121
1 78 79 106
1 82 92 137
1 85 106 121
1 91 92 106
1 92 92 137
1 100 106 121
1 106 106 121
2 5 5 8
2 7 8 17
2 8 8 23
2 9 12 30
2 11 12 17
2 11 12 47
2 11 17 47
2 12 12 57
2 13 23 68
2 14 17 80
2 15 30 93
2 16 17 107
2 17 17 23
2 17 17 38
2 17 17 122
2 17 23 38
2 17 23 122
2 17 38 122
2 20 23 30
2 23 23 38
2 23 23 68
2 23 38 68
2 27 30 93
2 29 30 57
2 29 30 107
2 29 57 107
2 32 38 47
2 32 38 68
2 32 47 68
2 35 38 80
2 37 38 47
2 38 38 93
2 41 47 107
2 44 47 80
2 44 47 122
2 44 80 122
2 47 47 57
2 47 47 68
2 47 47 138
2 47 57 68
2 47 57 138
2 47 68 138
2 52 80 107
2 56 57 122
2 57 57 93
2 62 68 107
2 65 68 80
2 65 68 93
2 65 80 93
2 67 68 122
2 72 93 138
2 77 80 122
2 79 80 107
2 83 93 138
2 86 107 122
2 92 93 107
2 93 93 138
2 101 107 122
2 107 107 122
3 6 6 9
3 8 9 18
3 9 9 24
3 10 13 31
3 12 13 18
3 12 13 48
3 12 18 48
3 13 13 58
3 14 24 69
3 15 18 81
3 16 31 94
3 17 18 108
3 18 18 24
3 18 18 39
3 18 18 123
3 18 24 39
3 18 24 123
3 18 39 123
3 21 24 31
3 24 24 39
3 24 24 69
3 24 39 69
3 28 31 94
3 30 31 58
3 30 31 108
3 30 58 108
3 33 39 48
3 33 39 69
3 33 48 69
3 36 39 81
3 38 39 48
3 39 39 94
3 42 48 108
3 45 48 81
3 45 48 123
3 45 81 123
3 48 48 58
3 48 48 69
3 48 48 139
3 48 58 69
3 48 58 139
3 48 69 139
3 53 81 108
3 57 58 123
3 58 58 94
3 63 69 108
3 66 69 81
3 66 69 94
3 66 81 94
3 68 69 123
3 73 94 139
3 78 81 123
3 80 81 108
3 84 94 139
3 87 108 123
3 93 94 108
3 94 94 139
3 102 108 123
3 108 108 123
4 7 7 10
4 9 10 19
4 10 10 25
4 11 14 32
4 13 14 19
4 13 14 49
4 13 19 49
4 14 14 59
4 15 25 70
4 16 19 82
4 17 32 95
4 18 19 109
4 19 19 25
4 19 19 40
4 19 19 124
4 19 25 40
4 19 25 124
4 19 40 124
4 22 25 32
4 25 25 40
4 25 25 70
4 25 40 70
4 29 32 95
4 31 32 59
4 31 32 109
4 31 59 109
4 34 40 49
4 34 40 70
4 34 49 70
4 37 40 82
4 39 40 49
4 40 40 95
4 43 49 109
4 46 49 82
4 46 49 124
4 46 82 124
4 49 49 59
4 49 49 70
4 49 49 140
4 49 59 70
4 49 59 140
4 49 70 140
4 54 82 109
4 58 59 124
4 59 59 95
4 64 70 109
4 67 70 82
4 67 70 95
4 67 82 95
4 69 70 124
4 74 95 140
4 79 82 124
4 81 82 109
4 85 95 140
4 88 109 124
4 94 95 109
4 95 95 140
4 103 109 124
4 109 109 124
5 8 8 11
5 10 11 20
5 11 11 26
5 12 15 33
5 14 15 20
5 14 15 50
5 14 20 50
5 15 15 60
5 16 26 71
5 17 20 83
5 18 33 96
5 19 20 110
5 20 20 26
5 20 20 41
5 20 20 125
5 20 26 41
5 20 26 125
5 20 41 125
5 23 26 33
5 26 26 41
5 26 26 71
5 26 41 71
5 30 33 96
5 32 33 60
5 32 33 110
5 32 60 110
5 35 41 50
5 35 41 71
5 35 50 71
5 38 41 83
5 40 41 50
5 41 41 96
5 44 50 110
5 47 50 83
5 47 50 125
5 47 83 125
5 50 50 60
5 50 50 71
5 50 50 141
5 50 60 71
5 50 60 141
5 50 71 141
5 55 83 110
5 59 60 125
5 60 60 96
5 65 71 110
5 68 71 83
5 68 71 96
5 68 83 96
5 70 71 125
5 75 96 141
5 80 83 125
5 82 83 110
5 86 96 141
5 89 110 125
5 95 96 110
5 96 96 141
5 104 110 125
5 110 110 125
6 9 9 12
6 11 12 21
6 12 12 27
6 13 16 34
6 15 16 21
6 15 16 51
6 15 21 51
6 16 16 61
6 17 27 72
6 18 21 84
6 19 34 97
6 20 21 111
6 21 21 27
6 21 21 42
6 21 21 126
6 21 27 42
6 21 27 126
6 21 42 126
6 24 27 34
6 27 27 42
6 27 27 72
6 27 42 72
6 31 34 97
6 33 34 61
6 33 34 111
6 33 61 111
6 36 42 51
6 36 42 72
6 36 51 72
6 39 42 84
6 41 42 51
6 42 42 97
6 45 51 111
6 48 51 84
6 48 51 126
6 48 84 126
6 51 51 61
6 51 51 72
6 51 51 142
6 51 61 72
6 51 61 142
6 51 72 142
6 56 84 111
6 60 61 126
6 61 61 97
6 66 72 111
6 69 72 84
6 69 72 97
6 69 84 97
6 71 72 126
6 76 97 142
6 81 84 126
6 83 84 111
6 87 97 142
6 90 111 126
6 96 97 111
6 97 97 142
6 105 111 126
6 111 111 126
7 10 10 13
7 12 13 22
7 13 13 28
7 14 17 35
7 16 17 22
7 16 17 52
7 16 22 52
7 17 17 62
7 18 28 73
7 19 22 85
7 20 35 98
7 21 22 112
7 22 22 28
7 22 22 43
7 22 22 127
7 22 28 43
7 22 28 127
7 22 43 127
7 25 28 35
7 28 28 43
7 28 28 73
7 28 43 73
7 32 35 98
7 34 35 62
7 34 35 112
7 34 62 112
7 37 43 52
7 37 43 73
7 37 52 73
7 40 43 85
7 42 43 52
7 43 43 98
7 46 52 112
7 49 52 85
7 49 52 127
7 49 85 127
7 52 52 62
7 52 52 73
7 52 52 143
7 52 62 73
7 52 62 143
7 52 73 143
7 57 85 112
7 61 62 127
7 62 62 98
7 67 73 112
7 70 73 85
7 70 73 98
7 70 85 98
7 72 73 127
7 77 98 143
7 82 85 127
7 84 85 112
7 88 98 143
7 91 112 127
7 97 98 112
7 98 98 143
7 106 112 127
7 112 112 127
8 11 11 14
8 13 14 23
8 14 14 29
8 15 18 36
8 17 18 23
8 17 18 53
8 17 23 53
8 18 18 63
8 19 29 74
8 20 23 86
8 21 36 99
8 22 23 113
8 23 23 29
8 23 23 44
8 23 23 128
8 23 29 44
8 23 29 128
8 23 44 128
8 26 29 36
8 29 29 44
8 29 29 74
8 29 44 74
8 33 36 99
8 35 36 63
8 35 36 113
8 35 63 113
8 38 44 53
8 38 44 74
8 38 53 74
8 41 44 86
8 43 44 53
8 44 44 99
8 47 53 113
8 50 53 86
8 50 53 128
8 50 86 128
8 53 53 63
8 53 53 74
8 53 53 144
8 53 63 74
8 53 63 144
8 53 74 144
8 58 86 113
8 62 63 128
8 63 63 99
8 68 74 113
8 71 74 86
8 71 74 99
8 71 86 99
8 73 74 128
8 78 99 144
8 83 86 128
8 85 86 113
8 89 99 144
8 92 113 128
8 98 99 113
8 99 99 144
8 107 113 128
8 113 113 128
9 12 12 15
9 14 15 24
9 15 15 30
9 16 19 37
9 18 19 24
9 18 19 54
9 18 24 54
9 19 19 64
9 20 30 75
9 21 24 87
9 22 37 100
9 23 24 114
9 24 24 30
9 24 24 45
9 24 24 129
9 24 30 45
9 24 30 129
9 24 45 129
9 27 30 37
9 30 30 45
9 30 30 75
9 30 45 75
9 34 37 100
9 36 37 64
9 36 37 114
9 36 64 114
9 39 45 54
9 39 45 75
9 39 54 75
9 42 45 87
9 44 45 54
9 45 45 100
9 48 54 114
9 51 54 87
9 51 54 129
9 51 87 129
9 54 54 64
9 54 54 75
9 54 54 145
9 54 64 75
9 54 64 145
9 54 75 145
9 59 87 114
9 63 64 129
9 64 64 100
9 69 75 114
9 72 75 87
9 72 75 100
9 72 87 100
9 74 75 129
9 79 100 145
9 84 87 129
9 86 87 114
9 90 100 145
9 93 114 129
9 99 100 114
9 100 100 145
9 108 114 129
9 114 114 129
10 13 13 16
10 15 16 25
10 16 16 31
10 17 20 38
10 19 20 25
10 19 20 55
10 19 25 55
10 20 20 65
10 21 31 76
10 22 25 88
10 23 38 101
10 24 25 115
10 25 25 31
10 25 25 46
10 25 25 130
10 25 31 46
10 25 31 130
10 25 46 130
10 28 31 38
10 31 31 46
10 31 31 76
10 31 46 76
10 35 38 101
10 37 38 65
10 37 38 115
10 37 65 115
10 40 46 55
10 40 46 76
10 40 55 76
10 43 46 88
10 45 46 55
10 46 46 101
10 49 55 115
10 52 55 88
10 52 55 130
10 52 88 130
10 55 55 65
10 55 55 76
10 55 55 146
10 55 65 76
10 55 65 146
10 55 76 146
10 60 88 115
10 64 65 130
10 65 65 101
10 70 76 115
10 73 76 88
10 73 76 101
10 73 88 101
10 75 76 130
10 80 101 146
10 85 88 130
10 87 88 115
10 91 101 146
10 94 115 130
10 100 101 115
10 101 101 146
10 109 115 130
10 115 115 130
11 14 14 17
11 16 17 26
11 17 17 32
11 18 21 39
11 20 21 26
11 20 21 56
11 20 26 56
11 21 21 66
11 22 32 77
11 23 26 89
11 24 39 102
11 25 26 116
11 26 26 32
11 26 26 47
11 26 26 131
11 26 32 47
11 26 32 131
11 26 47 131
11 29 32 39
11 32 32 47
11 32 32 77
11 32 47 77
11 36 39 102
11 38 39 66
11 38 39 116
11 38 66 116
11 41 47 56
11 41 47 77
11 41 56 77
11 44 47 89
11 46 47 56
11 47 47 102
11 50 56 116
11 53 56 89
11 53 56 131
11 53 89 131
11 56 56 66
11 56 56 77
11 56 56 147
11 56 66 77
11 56 66 147
11 56 77 147
11 61 89 116
11 65 66 131
11 66 66 102
11 71 77 116
11 74 77 89
11 74 77 102
11 74 89 102
11 76 77 131
11 81 102 147
11 86 89 131
11 88 89 116
11 92 102 147
11 95 116 131
11 101 102 116
11 102 102 147
11 110 116 131
11 116 116 131
12 15 15 18
12 17 18 27
12 18 18 33
12 19 22 40
12 21 22 27
12 21 22 57
12 21 27 57
12 22 22 67
12 23 33 78
12 24 27 90
12 25 40 103
12 26 27 117
12 27 27 33
12 27 27 48
12 27 27 132
12 27 33 48
12 27 33 132
12 27 48 132
12 30 33 40
12 33 33 48
12 33 33 78
12 33 48 78
12 37 40 103
12 39 40 67
12 39 40 117
12 39 67 117
12 42 48 57
12 42 48 78
12 42 57 78
12 45 48 90
12 47 48 57
12 48 48 103
12 51 57 117
12 54 57 90
12 54 57 132
12 54 90 132
12 57 57 67
12 57 57 78
12 57 57 148
12 57 67 78
12 57 67 148
12 57 78 148
12 62 90 117
12 66 67 132
12 67 67 103
12 72 78 117
12 75 78 90
12 75 78 103
12 75 90 103
12 77 78 132
12 82 103 148
12 87 90 132
12 89 90 117
12 93 103 148
12 96 117 132
12 102 103 117
12 103 103 148
12 111 117 132
12 117 117 132
13 16 16 19
13 18 19 28
13 19 19 34
13 20 23 41
13 22 23 28
13 22 23 58
13 22 28 58
13 23 23 68
13 24 34 79
13 25 28 91
13 26 41 104
13 27 28 118
13 28 28 34
13 28 28 49
13 28 28 133
13 28 34 49
13 28 34 133
13 28 49 133
13 31 34 41
13 34 34 49
13 34 34 79
13 34 49 79
13 38 41 104
13 40 41 68
13 40 41 118
13 40 68 118
13 43 49 58
13 43 49 79
13 43 58 79
13 46 49 91
13 48 49 58
13 49 49 104
13 52 58 118
13 55 58 91
13 55 58 133
13 55 91 133
13 58 58 68
13 58 58 79
13 58 58 149
13 58 68 79
13 58 68 149
13 58 79 149
13 63 91 118
13 67 68 133
13 68 68 104
13 73 79 118
13 76 79 91
13 76 79 104
13 76 91 104
13 78 79 133
13 83 104 149
13 88 91 133
13 90 91 118
13 94 104 149
13 97 118 133
13 103 104 118
13 104 104 149
13 112 118 133
13 118 118 133
14 17 17 20
14 19 20 29
14 20 20 35
14 21 24 42
14 23 24 29
14 23 24 59
14 23 29 59
14 24 24 69
14 25 35 80
14 26 29 92
14 27 42 105
14 28 29 119
14 29 29 35
14 29 29 50
14 29 29 134
14 29 35 50
14 29 35 134
14 29 50 134
14 32 35 42
14 35 35 50
14 35 35 80
14 35 50 80
14 39 42 105
14 41 42 69
14 41 42 119
14 41 69 119
14 44 50 59
14 44 50 80
14 44 59 80
14 47 50 92
14 49 50 59
14 50 50 105
14 53 59 119
14 56 59 92
14 56 59 134
14 56 92 134
14 59 59 69
14 59 59 80
14 59 69 80
14 64 92 119
14 68 69 134
14 69 69 105
14 74 80 119
14 77 80 92
14 77 80 105
14 77 92 105
14 79 80 134
14 89 92 134
14 91 92 119
14 98 119 134
14 104 105 119
14 113 119 134
14 119 119 134
15 18 18 21
15 20 21 30
15 21 21 36
15 22 25 43
15 24 25 30
15 24 25 60
15 24 30 60
15 25 25 70
15 26 36 81
15 27 30 93
15 28 43 106
15 29 30 120
15 30 30 36
15 30 30 51
15 30 30 135
15 30 36 51
15 30 36 135
15 30 51 135
15 33 36 43
15 36 36 51
15 36 36 81
15 36 51 81
15 40 43 106
15 42 43 70
15 42 43 120
15 42 70 120
15 45 51 60
15 45 51 81
15 45 60 81
15 48 51 93
15 50 51 60
15 51 51 106
15 54 60 120
15 57 60 93
15 57 60 135
15 57 93 135
15 60 60 70
15 60 60 81
15 60 70 81
15 65 93 120
15 69 70 135
15 70 70 106
15 75 81 120
15 78 81 93
15 78 81 106
15 78 93 106
15 80 81 135
15 90 93 135
15 92 93 120
15 99 120 135
15 105 106 120
15 114 120 135
15 120 120 135
16 19 19 22
16 21 22 31
16 22 22 37
16 23 26 44
16 25 26 31
16 25 26 61
16 25 31 61
16 26 26 71
16 27 37 82
16 28 31 94
16 29 44 107
16 30 31 121
16 31 31 37
16 31 31 52
16 31 31 136
16 31 37 52
16 31 37 136
16 31 52 136
16 34 37 44
16 37 37 52
16 37 37 82
16 37 52 82
16 41 44 107
16 43 44 71
16 43 44 121
16 43 71 121
16 46 52 61
16 46 52 82
16 46 61 82
16 49 52 94
16 51 52 61
16 52 52 107
16 55 61 121
16 58 61 94
16 58 61 136
16 58 94 136
16 61 61 71
16 61 61 82
16 61 71 82
16 66 94 121
16 70 71 136
16 71 71 107
16 76 82 121
16 79 82 94
16 79 82 107
16 79 94 107
16 81 82 136
16 91 94 136
16 93 94 121
16 100 121 136
16 106 107 121
16 115 121 136
16 121 121 136
17 20 20 23
17 22 23 32
17 23 23 38
17 24 27 45
17 26 27 32
17 26 27 62
17 26 32 62
17 27 27 72
17 28 38 83
17 29 32 95
17 30 45 108
17 31 32 122
17 32 32 38
17 32 32 53
17 32 32 137
17 32 38 53
17 32 38 137
17 32 53 137
17 35 38 45
17 38 38 53
17 38 38 83
17 38 53 83
17 42 45 108
17 44 45 72
17 44 45 122
17 44 72 122
17 47 53 62
17 47 53 83
17 47 62 83
17 50 53 95
17 52 53 62
17 53 53 108
17 56 62 122
17 59 62 95
17 59 62 137
17 59 95 137
17 62 62 72
17 62 62 83
17 62 72 83
17 67 95 122
17 71 72 137
17 72 72 108
17 77 83 122
17 80 83 95
17 80 83 108
17 80 95 108
17 82 83 137
17 92 95 137
17 94 95 122
17 101 122 137
17 107 108 122
17 116 122 137
17 122 122 137
18 21 21 24
18 23 24 33
18 24 24 39
18 25 28 46
18 27 28 33
18 27 28 63
18 27 33 63
18 28 28 73
18 29 39 84
18 30 33 96
18 31 46 109
18 32 33 123
18 33 33 39
18 33 33 54
18 33 33 138
18 33 39 54
18 33 39 138
18 33 54 138
18 36 39 46
18 39 39 54
18 39 39 84
18 39 54 84
18 43 46 109
18 45 46 73
18 45 46 123
18 45 73 123
18 48 54 63
18 48 54 84
18 48 63 84
18 51 54 96
18 53 54 63
18 54 54 109
18 57 63 123
18 60 63 96
18 60 63 138
18 60 96 138
18 63 63 73
18 63 63 84
18 63 73 84
18 68 96 123
18 72 73 138
18 73 73 109
18 78 84 123
18 81 84 96
18 81 84 109
18 81 96 109
18 83 84 138
18 93 96 138
18 95 96 123
18 102 123 138
18 108 109 123
18 117 123 138
18 123 123 138
19 22 22 25
19 24 25 34
19 25 25 40
19 26 29 47
19 28 29 34
19 28 29 64
19 28 34 64
19 29 29 74
19 30 40 85
19 31 34 97
19 32 47 110
19 33 34 124
19 34 34 40
19 34 34 55
19 34 34 139
19 34 40 55
19 34 40 139
19 34 55 139
19 37 40 47
19 40 40 55
19 40 40 85
19 40 55 85
19 44 47 110
19 46 47 74
19 46 47 124
19 46 74 124
19 49 55 64
19 49 55 85
19 49 64 85
19 52 55 97
19 54 55 64
19 55 55 110
19 58 64 124
19 61 64 97
19 61 64 139
19 61 97 139
19 64 64 74
19 64 64 85
19 64 74 85
19 69 97 124
19 73 74 139
19 74 74 110
19 79 85 124
19 82 85 97
19 82 85 110
19 82 97 110
19 84 85 139
19 94 97 139
19 96 97 124
19 103 124 139
19 109 110 124
19 118 124 139
19 124 124 139
20 23 23 26
20 25 26 35
20 26 26 41
20 27 30 48
20 29 30 35
20 29 30 65
20 29 35 65
20 30 30 75
20 31 41 86
20 32 35 98
20 33 48 111
20 34 35 125
20 35 35 41
20 35 35 56
20 35 35 140
20 35 41 56
20 35 41 140
20 35 56 140
20 38 41 48
20 41 41 56
20 41 41 86
20 41 56 86
20 45 48 111
20 47 48 75
20 47 48 125
20 47 75 125
20 50 56 65
20 50 56 86
20 50 65 86
20 53 56 98
20 55 56 65
20 56 56 111
20 59 65 125
20 62 65 98
20 62 65 140
20 62 98 140
20 65 65 75
20 65 65 86
20 65 75 86
20 70 98 125
20 74 75 140
20 75 75 111
20 80 86 125
20 83 86 98
20 83 86 111
20 83 98 111
20 85 86 140
20 95 98 140
20 97 98 125
20 104 125 140
20 110 111 125
20 119 125 140
20 125 125 140
21 24 24 27
21 26 27 36
21 27 27 42
21 28 31 49
21 30 31 36
21 30 31 66
21 30 36 66
21 31 31 76
21 32 42 87
21 33 36 99
21 34 49 112
21 35 36 126
21 36 36 42
21 36 36 57
21 36 36 141
21 36 42 57
21 36 42 141
21 36 57 141
21 39 42 49
21 42 42 57
21 42 42 87
21 42 57 87
21 46 49 112
21 48 49 76
21 48 49 126
21 48 76 126
21 51 57 66
21 51 57 87
21 51 66 87
21 54 57 99
21 56 57 66
21 57 57 112
21 60 66 126
21 63 66 99
21 63 66 141
21 63 99 141
21 66 66 76
21 66 66 87
21 66 76 87
21 71 99 126
21 75 76 141
21 76 76 112
21 81 87 126
21 84 87 99
21 84 87 112
21 84 99 112
21 86 87 141
21 96 99 141
21 98 99 126
21 105 126 141
21 111 112 126
21 120 126 141
21 126 126 141
22 25 25 28
22 27 28 37
22 28 28 43
22 29 32 50
22 31 32 37
22 31 32 67
22 31 37 67
22 32 32 77
22 33 43 88
22 34 37 100
22 35 50 113
22 36 37 127
22 37 37 43
22 37 37 58
22 37 37 142
22 37 43 58
22 37 43 142
22 37 58 142
22 40 43 50
22 43 43 58
22 43 43 88
22 43 58 88
22 47 50 113
22 49 50 77
22 49 50 127
22 49 77 127
22 52 58 67
22 52 58 88
22 52 67 88
22 55 58 100
22 57 58 67
22 58 58 113
22 61 67 127
22 64 67 100
22 64 67 142
22 64 100 142
22 67 67 77
22 67 67 88
22 67 77 88
22 72 100 127
22 76 77 142
22 77 77 113
22 82 88 127
22 85 88 100
22 85 88 113
22 85 100 113
22 87 88 142
22 97 100 142
22 99 100 127
22 106 127 142
22 112 113 127
22 121 127 142
22 127 127 142
23 26 26 29
23 28 29 38
23 29 29 44
23 30 33 51
23 32 33 38
23 32 33 68
23 32 38 68
23 33 33 78
23 34 44 89
23 35 38 101
23 36 51 114
23 37 38 128
23 38 38 44
23 38 38 59
23 38 38 143
23 38 44 59
23 38 44 143
23 38 59 143
23 41 44 51
23 44 44 59
23 44 44 89
23 44 59 89
23 48 51 114
23 50 51 78
23 50 51 128
23 50 78 128
23 53 59 68
23 53 59 89
23 53 68 89
23 56 59 101
23 58 59 68
23 59 59 114
23 62 68 128
23 65 68 101
23 65 68 143
23 65 101 143
23 68 68 78
23 68 68 89
23 68 78 89
23 73 101 128
23 77 78 143
23 78 78 114
23 83 89 128
23 86 89 101
23 86 89 114
23 86 101 114
23 88 89 143
23 98 101 143
23 100 101 128
23 107 128 143
23 113 114 128
23 122 128 143
23 128 128 143
24 27 27 30
24 29 30 39
24 30 30 45
24 31 34 52
24 33 34 39
24 33 34 69
24 33 39 69
24 34 34 79
24 35 45 90
24 36 39 102
24 37 52 115
24 38 39 129
24 39 39 45
24 39 39 60
24 39 39 144
24 39 45 60
24 39 45 144
24 39 60 144
24 42 45 52
24 45 45 60
24 45 45 90
24 45 60 90
24 49 52 115
24 51 52 79
24 51 52 129
24 51 79 129
24 54 60 69
24 54 60 90
24 54 69 90
24 57 60 102
24 59 60 69
24 60 60 115
24 63 69 129
24 66 69 102
24 66 69 144
24 66 102 144
24 69 69 79
24 69 69 90
24 69 79 90
24 74 102 129
24 78 79 144
24 79 79 115
24 84 90 129
24 87 90 102
24 87 90 115
24 87 102 115
24 89 90 144
24 99 102 144
24 101 102 129
24 108 129 144
24 114 115 129
24 123 129 144
24 129 129 144
25 28 28 31
25 30 31 40
25 31 31 46
25 32 35 53
25 34 35 40
25 34 35 70
25 34 40 70
25 35 35 80
25 36 46 91
25 37 40 103
25 38 53 116
25 39 40 130
25 40 40 46
25 40 40 61
25 40 40 145
25 40 46 61
25 40 46 145
25 40 61 145
25 43 46 53
25 46 46 61
25 46 46 91
25 46 61 91
25 50 53 116
25 52 53 80
25 52 53 130
25 52 80 130
25 55 61 70
25 55 61 91
25 55 70 91
25 58 61 103
25 60 61 70
25 61 61 116
25 64 70 130
25 67 70 103
25 67 70 145
25 67 103 145
25 70 70 80
25 70 70 91
25 70 80 91
25 75 103 130
25 79 80 145
25 80 80 116
25 85 91 130
25 88 91 103
25 88 91 116
25 88 103 116
25 90 91 145
25 100 103 145
25 102 103 130
25 109 130 145
25 115 116 130
25 124 130 145
25 130 130 145
26 29 29 32
26 31 32 41
26 32 32 47
26 33 36 54
26 35 36 41
26 35 36 71
26 35 41 71
26 36 36 81
26 37 47 92
26 38 41 104
26 39 54 117
26 40 41 131
26 41 41 47
26 41 41 62
26 41 41 146
26 41 47 62
26 41 47 146
26 41 62 146
26 44 47 54
26 47 47 62
26 47 47 92
26 47 62 92
26 51 54 117
26 53 54 81
26 53 54 131
26 53 81 131
26 56 62 71
26 56 62 92
26 56 71 92
26 59 62 104
26 61 62 71
26 62 62 117
26 65 71 131
26 68 71 104
26 68 71 146
26 68 104 146
26 71 71 81
26 71 71 92
26 71 81 92
26 76 104 131
26 80 81 146
26 81 81 117
26 86 92 131
26 89 92 104
26 89 92 117
26 89 104 117
26 91 92 146
26 101 104 146
26 103 104 131
26 110 131 146
26 116 117 131
26 125 131 146
26 131 131 146
27 30 30 33
27 32 33 42
27 33 33 48
27 34 37 55
27 36 37 42
27 36 37 72
27 36 42 72
27 37 37 82
27 38 48 93
27 39 42 105
27 40 55 118
27 41 42 132
27 42 42 48
27 42 42 63
27 42 42 147
27 42 48 63
27 42 48 147
27 42 63 147
27 45 48 55
27 48 48 63
27 48 48 93
27 48 63 93
27 52 55 118
27 54 55 82
27 54 55 132
27 54 82 132
27 57 63 72
27 57 63 93
27 57 72 93
27 60 63 105
27 62 63 72
27 63 63 118
27 66 72 132
27 69 72 105
27 69 72 147
27 69 105 147
27 72 72 82
27 72 72 93
27 72 82 93
27 77 105 132
27 81 82 147
27 82 82 118
27 87 93 132
27 90 93 105
27 90 93 118
27 90 105 118
27 92 93 147
27 102 105 147
27 104 105 132
27 111 132 147
27 117 118 132
27 126 132 147
27 132 132 147
28 31 31 34
28 33 34 43
28 34 34 49
28 35 38 56
28 37 38 43
28 37 38 73
28 37 43 73
28 38 38 83
28 39 49 94
28 40 43 106
28 41 56 119
28 42 43 133
28 43 43 49
28 43 43 64
28 43 43 148
28 43 49 64
28 43 49 148
28 43 64 148
28 46 49 56
28 49 49 64
28 49 49 94
28 49 64 94
28 53 56 119
28 55 56 83
28 55 56 133
28 55 83 133
28 58 64 73
28 58 64 94
28 58 73 94
28 61 64 106
28 63 64 73
28 64 64 119
28 67 73 133
28 70 73 106
28 70 73 148
28 70 106 148
28 73 73 83
28 73 73 94
28 73 83 94
28 78 106 133
28 82 83 148
28 83 83 119
28 88 94 133
28 91 94 106
28 91 94 119
28 91 106 119
28 93 94 148
28 103 106 148
28 105 106 133
28 112 133 148
28 118 119 133
28 127 133 148
28 133 133 148
29 32 32 35
29 34 35 44
29 35 35 50
29 36 39 57
29 38 39 44
29 38 39 74
29 38 44 74
29 39 39 84
29 40 50 95
29 41 44 107
29 42 57 120
29 43 44 134
29 44 44 50
29 44 44 65
29 44 44 149
29 44 50 65
29 44 50 149
29 44 65 149
29 47 50 57
29 50 50 65
29 50 50 95
29 50 65 95
29 54 57 120
29 56 57 84
29 56 57 134
29 56 84 134
29 59 65 74
29 59 65 95
29 59 74 95
29 62 65 107
29 64 65 74
29 65 65 120
29 68 74 134
29 71 74 107
29 71 74 149
29 71 107 149
29 74 74 84
29 74 74 95
29 74 84 95
29 79 107 134
29 83 84 149
29 84 84 120
29 89 95 134
29 92 95 107
29 92 95 120
29 92 107 120
29 94 95 149
29 104 107 149
29 106 107 134
29 113 134 149
29 119 120 134
29 128 134 149
29 134 134 149
30 33 33 36
30 35 36 45
30 36 36 51
30 37 40 58
30 39 40 45
30 39 40 75
30 39 45 75
30 40 40 85
30 41 51 96
30 42 45 108
30 43 58 121
30 44 45 135
30 45 45 51
30 45 45 66
30 45 51 66
30 48 51 58
30 51 51 66
30 51 51 96
30 51 66 96
30 55 58 121
30 57 58 85
30 57 58 135
30 57 85 135
30 60 66 75
30 60 66 96
30 60 75 96
30 63 66 108
30 65 66 75
30 66 66 121
30 69 75 135
30 72 75 108
30 75 75 85
30 75 75 96
30 75 85 96
30 80 108 135
30 85 85 121
30 90 96 135
30 93 96 108
30 93 96 121
30 93 108 121
30 107 108 135
30 120 121 135
31 34 34 37
31 36 37 46
31 37 37 52
31 38 41 59
31 40 41 46
31 40 41 76
31 40 46 76
31 41 41 86
31 42 52 97
31 43 46 109
31 44 59 122
31 45 46 136
31 46 46 52
31 46 46 67
31 46 52 67
31 49 52 59
31 52 52 67
31 52 52 97
31 52 67 97
31 56 59 122
31 58 59 86
31 58 59 136
31 58 86 136
31 61 67 76
31 61 67 97
31 61 76 97
31 64 67 109
31 66 67 76
31 67 67 122
31 70 76 136
31 73 76 109
31 76 76 86
31 76 76 97
31 76 86 97
31 81 109 136
31 86 86 122
31 91 97 136
31 94 97 109
31 94 97 122
31 94 109 122
31 108 109 136
31 121 122 136
32 35 35 38
32 37 38 47
32 38 38 53
32 39 42 60
32 41 42 47
32 41 42 77
32 41 47 77
32 42 42 87
32 43 53 98
32 44 47 110
32 45 60 123
32 46 47 137
32 47 47 53
32 47 47 68
32 47 53 68
32 50 53 60
32 53 53 68
32 53 53 98
32 53 68 98
32 57 60 123
32 59 60 87
32 59 60 137
32 59 87 137
32 62 68 77
32 62 68 98
32 62 77 98
32 65 68 110
32 67 68 77
32 68 68 123
32 71 77 137
32 74 77 110
32 77 77 87
32 77 77 98
32 77 87 98
32 82 110 137
32 87 87 123
32 92 98 137
32 95 98 110
32 95 98 123
32 95 110 123
32 109 110 137
32 122 123 137
33 36 36 39
33 38 39 48
33 39 39 54
33 40 43 61
33 42 43 48
33 42 43 78
33 42 48 78
33 43 43 88
33 44 54 99
33 45 48 111
33 46 61 124
33 47 48 138
33 48 48 54
33 48 48 69
33 48 54 69
33 51 54 61
33 54 54 69
33 54 54 99
33 54 69 99
33 58 61 124
33 60 61 88
33 60 61 138
33 60 88 138
33 63 69 78
33 63 69 99
33 63 78 99
33 66 69 111
33 68 69 78
33 69 69 124
33 72 78 138
33 75 78 111
33 78 78 88
33 78 78 99
33 78 88 99
33 83 111 138
33 88 88 124
33 93 99 138
33 96 99 111
33 96 99 124
33 96 111 124
33 110 111 138
33 123 124 138
34 37 37 40
34 39 40 49
34 40 40 55
34 41 44 62
34 43 44 49
34 43 44 79
34 43 49 79
34 44 44 89
34 45 55 100
34 46 49 112
34 47 62 125
34 48 49 139
34 49 49 55
34 49 49 70
34 49 55 70
34 52 55 62
34 55 55 70
34 55 55 100
34 55 70 100
34 59 62 125
34 61 62 89
34 61 62 139
34 61 89 139
34 64 70 79
34 64 70 100
34 64 79 100
34 67 70 112
34 69 70 79
34 70 70 125
34 73 79 139
34 76 79 112
34 79 79 89
34 79 79 100
34 79 89 100
34 84 112 139
34 89 89 125
34 94 100 139
34 97 100 112
34 97 100 125
34 97 112 125
34 111 112 139
34 124 125 139
35 38 38 41
35 40 41 50
35 41 41 56
35 42 45 63
35 44 45 50
35 44 45 80
35 44 50 80
35 45 45 90
35 46 56 101
35 47 50 113
35 48 63 126
35 49 50 140
35 50 50 56
35 50 50 71
35 50 56 71
35 53 56 63
35 56 56 71
35 56 56 101
35 56 71 101
35 60 63 126
35 62 63 90
35 62 63 140
35 62 90 140
35 65 71 80
35 65 71 101
35 65 80 101
35 68 71 113
35 70 71 80
35 71 71 126
35 74 80 140
35 77 80 113
35 80 80 90
35 80 80 101
35 80 90 101
35 85 113 140
35 90 90 126
35 95 101 140
35 98 101 113
35 98 101 126
35 98 113 126
35 112 113 140
35 125 126 140
36 39 39 42
36 41 42 51
36 42 42 57
36 43 46 64
36 45 46 51
36 45 46 81
36 45 51 81
36 46 46 91
36 47 57 102
36 48 51 114
36 49 64 127
36 50 51 141
36 51 51 57
36 51 51 72
36 51 57 72
36 54 57 64
36 57 57 72
36 57 57 102
36 57 72 102
36 61 64 127
36 63 64 91
36 63 64 141
36 63 91 141
36 66 72 81
36 66 72 102
36 66 81 102
36 69 72 114
36 71 72 81
36 72 72 127
36 75 81 141
36 78 81 114
36 81 81 91
36 81 81 102
36 81 91 102
36 86 114 141
36 91 91 127
36 96 102 141
36 99 102 114
36 99 102 127
36 99 114 127
36 113 114 141
36 126 127 141
37 40 40 43
37 42 43 52
37 43 43 58
37 44 47 65
37 46 47 52
37 46 47 82
37 46 52 82
37 47 47 92
37 48 58 103
37 49 52 115
37 50 65 128
37 51 52 142
37 52 52 58
37 52 52 73
37 52 58 73
37 55 58 65
37 58 58 73
37 58 58 103
37 58 73 103
37 62 65 128
37 64 65 92
37 64 65 142
37 64 92 142
37 67 73 82
37 67 73 103
37 67 82 103
37 70 73 115
37 72 73 82
37 73 73 128
37 76 82 142
37 79 82 115
37 82 82 92
37 82 82 103
37 82 92 103
37 87 115 142
37 92 92 128
37 97 103 142
37 100 103 115
37 100 103 128
37 100 115 128
37 114 115 142
37 127 128 142
38 41 41 44
38 43 44 53
38 44 44 59
38 45 48 66
38 47 48 53
38 47 48 83
38 47 53 83
38 48 48 93
38 49 59 104
38 50 53 116
38 51 66 129
38 52 53 143
38 53 53 59
38 53 53 74
38 53 59 74
38 56 59 66
38 59 59 74
38 59 59 104
38 59 74 104
38 63 66 129
38 65 66 93
38 65 66 143
38 65 93 143
38 68 74 83
38 68 74 104
38 68 83 104
38 71 74 116
38 73 74 83
38 74 74 129
38 77 83 143
38 80 83 116
38 83 83 93
38 83 83 104
38 83 93 104
38 88 116 143
38 93 93 129
38 98 104 143
38 101 104 116
38 101 104 129
38 101 116 129
38 115 116 143
38 128 129 143
39 42 42 45
39 44 45 54
39 45 45 60
39 46 49 67
39 48 49 54
39 48 49 84
39 48 54 84
39 49 49 94
39 50 60 105
39 51 54 117
39 52 67 130
39 53 54 144
39 54 54 60
39 54 54 75
39 54 60 75
39 57 60 67
39 60 60 75
39 60 60 105
39 60 75 105
39 64 67 130
39 66 67 94
39 66 67 144
39 66 94 144
39 69 75 84
39 69 75 105
39 69 84 105
39 72 75 117
39 74 75 84
39 75 75 130
39 78 84 144
39 81 84 117
39 84 84 94
39 84 84 105
39 84 94 105
39 89 117 144
39 94 94 130
39 99 105 144
39 102 105 117
39 102 105 130
39 102 117 130
39 116 117 144
39 129 130 144
40 43 43 46
40 45 46 55
40 46 46 61
40 47 50 68
40 49 50 55
40 49 50 85
40 49 55 85
40 50 50 95
40 51 61 106
40 52 55 118
40 53 68 131
40 54 55 145
40 55 55 61
40 55 55 76
40 55 61 76
40 58 61 68
40 61 61 76
40 61 61 106
40 61 76 106
40 65 68 131
40 67 68 95
40 67 68 145
40 67 95 145
40 70 76 85
40 70 76 106
40 70 85 106
40 73 76 118
40 75 76 85
40 76 76 131
40 79 85 145
40 82 85 118
40 85 85 95
40 85 85 106
40 85 95 106
40 90 118 145
40 95 95 131
40 100 106 145
40 103 106 118
40 103 106 131
40 103 118 131
40 117 118 145
40 130 131 145
41 44 44 47
41 46 47 56
41 47 47 62
41 48 51 69
41 50 51 56
41 50 51 86
41 50 56 86
41 51 51 96
41 52 62 107
41 53 56 119
41 54 69 132
41 55 56 146
41 56 56 62
41 56 56 77
41 56 62 77
41 59 62 69
41 62 62 77
41 62 62 107
41 62 77 107
41 66 69 132
41 68 69 96
41 68 69 146
41 68 96 146
41 71 77 86
41 71 77 107
41 71 86 107
41 74 77 119
41 76 77 86
41 77 77 132
41 80 86 146
41 83 86 119
41 86 86 96
41 86 86 107
41 86 96 107
41 91 119 146
41 96 96 132
41 101 107 146
41 104 107 119
41 104 107 132
41 104 119 132
41 118 119 146
41 131 132 146
42 45 45 48
42 47 48 57
42 48 48 63
42 49 52 70
42 51 52 57
42 51 52 87
42 51 57 87
42 52 52 97
42 53 63 108
42 54 57 120
42 55 70 133
42 56 57 147
42 57 57 63
42 57 57 78
42 57 63 78
42 60 63 70
42 63 63 78
42 63 63 108
42 63 78 108
42 67 70 133
42 69 70 97
42 69 70 147
42 69 97 147
42 72 78 87
42 72 78 108
42 72 87 108
42 75 78 120
42 77 78 87
42 78 78 133
42 81 87 147
42 84 87 120
42 87 87 97
42 87 87 108
42 87 97 108
42 92 120 147
42 97 97 133
42 102 108 147
42 105 108 120
42 105 108 133
42 105 120 133
42 119 120 147
42 132 133 147
43 46 46 49
43 48 49 58
43 49 49 64
43 50 53 71
43 52 53 58
43 52 53 88
43 52 58 88
43 53 53 98
43 54 64 109
43 55 58 121
43 56 71 134
43 57 58 148
43 58 58 64
43 58 58 79
43 58 64 79
43 61 64 71
43 64 64 79
43 64 64 109
43 64 79 109
43 68 71 134
43 70 71 98
43 70 71 148
43 70 98 148
43 73 79 88
43 73 79 109
43 73 88 109
43 76 79 121
43 78 79 88
43 79 79 134
43 82 88 148
43 85 88 121
43 88 88 98
43 88 88 109
43 88 98 109
43 93 121 148
43 98 98 134
43 103 109 148
43 106 109 121
43 106 109 134
43 106 121 134
43 120 121 148
43 133 134 148
44 47 47 50
44 49 50 59
44 50 50 65
44 51 54 72
44 53 54 59
44 53 54 89
44 53 59 89
44 54 54 99
44 55 65 110
44 56 59 122
44 57 72 135
44 58 59 149
44 59 59 65
44 59 59 80
44 59 65 80
44 62 65 72
44 65 65 80
44 65 65 110
44 65 80 110
44 69 72 135
44 71 72 99
44 71 72 149
44 71 99 149
44 74 80 89
44 74 80 110
44 74 89 110
44 77 80 122
44 79 80 89
44 80 80 135
44 83 89 149
44 86 89 122
44 89 89 99
44 89 89 110
44 89 99 110
44 94 122 149
44 99 99 135
44 104 110 149
44 107 110 122
44 107 110 135
44 107 122 135
44 121 122 149
44 134 135 149
45 48 48 51
45 50 51 60
45 51 51 66
45 52 55 73
45 54 55 60
45 54 55 90
45 54 60 90
45 55 55 100
45 56 66 111
45 57 60 123
45 58 73 136
45 60 60 66
45 60 60 81
45 60 66 81
45 63 66 73
45 66 66 81
45 66 66 111
45 66 81 111
45 70 73 136
45 72 73 100
45 75 81 90
45 75 81 111
45 75 90 111
45 78 81 123
45 80 81 90
45 81 81 136
45 87 90 123
45 90 90 100
45 90 90 111
45 90 100 111
45 100 100 136
45 108 111 123
45 108 111 136
45 108 123 136
46 49 49 52
46 51 52 61
46 52 52 67
46 53 56 74
46 55 56 61
46 55 56 91
46 55 61 91
46 56 56 101
46 57 67 112
46 58 61 124
46 59 74 137
46 61 61 67
46 61 61 82
46 61 67 82
46 64 67 74
46 67 67 82
46 67 67 112
46 67 82 112
46 71 74 137
46 73 74 101
46 76 82 91
46 76 82 112
46 76 91 112
46 79 82 124
46 81 82 91
46 82 82 137
46 88 91 124
46 91 91 101
46 91 91 112
46 91 101 112
46 101 101 137
46 109 112 124
46 109 112 137
46 109 124 137
47 50 50 53
47 52 53 62
47 53 53 68
47 54 57 75
47 56 57 62
47 56 57 92
47 56 62 92
47 57 57 102
47 58 68 113
47 59 62 125
47 60 75 138
47 62 62 68
47 62 62 83
47 62 68 83
47 65 68 75
47 68 68 83
47 68 68 113
47 68 83 113
47 72 75 138
47 74 75 102
47 77 83 92
47 77 83 113
47 77 92 113
47 80 83 125
47 82 83 92
47 83 83 138
47 89 92 125
47 92 92 102
47 92 92 113
47 92 102 113
47 102 102 138
47 110 113 125
47 110 113 138
47 110 125 138
48 51 51 54
48 53 54 63
48 54 54 69
48 55 58 76
48 57 58 63
48 57 58 93
48 57 63 93
48 58 58 103
48 59 69 114
48 60 63 126
48 61 76 139
48 63 63 69
48 63 63 84
48 63 69 84
48 66 69 76
48 69 69 84
48 69 69 114
48 69 84 114
48 73 76 139
48 75 76 103
48 78 84 93
48 78 84 114
48 78 93 114
48 81 84 126
48 83 84 93
48 84 84 139
48 90 93 126
48 93 93 103
48 93 93 114
48 93 103 114
48 103 103 139
48 111 114 126
48 111 114 139
48 111 126 139
49 52 52 55
49 54 55 64
49 55 55 70
49 56 59 77
49 58 59 64
49 58 59 94
49 58 64 94
49 59 59 104
49 60 70 115
49 61 64 127
49 62 77 140
49 64 64 70
49 64 64 85
49 64 70 85
49 67 70 77
49 70 70 85
49 70 70 115
49 70 85 115
49 74 77 140
49 76 77 104
49 79 85 94
49 79 85 115
49 79 94 115
49 82 85 127
49 84 85 94
49 85 85 140
49 91 94 127
49 94 94 104
49 94 94 115
49 94 104 115
49 104 104 140
49 112 115 127
49 112 115 140
49 112 127 140
50 53 53 56
50 55 56 65
50 56 56 71
50 57 60 78
50 59 60 65
50 59 60 95
50 59 65 95
50 60 60 105
50 61 71 116
50 62 65 128
50 63 78 141
50 65 65 71
50 65 65 86
50 65 71 86
50 68 71 78
50 71 71 86
50 71 71 116
50 71 86 116
50 75 78 141
50 77 78 105
50 80 86 95
50 80 86 116
50 80 95 116
50 83 86 128
50 85 86 95
50 86 86 141
50 92 95 128
50 95 95 105
50 95 95 116
50 95 105 116
50 105 105 141
50 113 116 128
50 113 116 141
50 113 128 141
51 54 54 57
51 56 57 66
51 57 57 72
51 58 61 79
51 60 61 66
51 60 61 96
51 60 66 96
51 61 61 106
51 62 72 117
51 63 66 129
51 64 79 142
51 66 66 72
51 66 66 87
51 66 72 87
51 69 72 79
51 72 72 87
51 72 72 117
51 72 87 117
51 76 79 142
51 78 79 106
51 81 87 96
51 81 87 117
51 81 96 117
51 84 87 129
51 86 87 96
51 87 87 142
51 93 96 129
51 96 96 106
51 96 96 117
51 96 106 117
51 106 106 142
51 114 117 129
51 114 117 142
51 114 129 142
52 55 55 58
52 57 58 67
52 58 58 73
52 59 62 80
52 61 62 67
52 61 62 97
52 61 67 97
52 62 62 107
52 63 73 118
52 64 67 130
52 65 80 143
52 67 67 73
52 67 67 88
52 67 73 88
52 70 73 80
52 73 73 88
52 73 73 118
52 73 88 118
52 77 80 143
52 79 80 107
52 82 88 97
52 82 88 118
52 82 97 118
52 85 88 130
52 87 88 97
52 88 88 143
52 94 97 130
52 97 97 107
52 97 97 118
52 97 107 118
52 107 107 143
52 115 118 130
52 115 118 143
52 115 130 143
53 56 56 59
53 58 59 68
53 59 59 74
53 60 63 81
53 62 63 68
53 62 63 98
53 62 68 98
53 63 63 108
53 64 74 119
53 65 68 131
53 66 81 144
53 68 68 74
53 68 68 89
53 68 74 89
53 71 74 81
53 74 74 89
53 74 74 119
53 74 89 119
53 78 81 144
53 80 81 108
53 83 89 98
53 83 89 119
53 83 98 119
53 86 89 131
53 88 89 98
53 89 89 144
53 95 98 131
53 98 98 108
53 98 98 119
53 98 108 119
53 108 108 144
53 116 119 131
53 116 119 144
53 116 131 144
54 57 57 60
54 59 60 69
54 60 60 75
54 61 64 82
54 63 64 69
54 63 64 99
54 63 69 99
54 64 64 109
54 65 75 120
54 66 69 132
54 67 82 145
54 69 69 75
54 69 69 90
54 69 75 90
54 72 75 82
54 75 75 90
54 75 75 120
54 75 90 120
54 79 82 145
54 81 82 109
54 84 90 99
54 84 90 120
54 84 99 120
54 87 90 132
54 89 90 99
54 90 90 145
54 96 99 132
54 99 99 109
54 99 99 120
54 99 109 120
54 109 109 145
54 117 120 132
54 117 120 145
54 117 132 145
55 58 58 61
55 60 61 70
55 61 61 76
55 62 65 83
55 64 65 70
55 64 65 100
55 64 70 100
55 65 65 110
55 66 76 121
55 67 70 133
55 68 83 146
55 70 70 76
55 70 70 91
55 70 76 91
55 73 76 83
55 76 76 91
55 76 76 121
55 76 91 121
55 80 83 146
55 82 83 110
55 85 91 100
55 85 91 121
55 85 100 121
55 88 91 133
55 90 91 100
55 91 91 146
55 97 100 133
55 100 100 110
55 100 100 121
55 100 110 121
55 110 110 146
55 118 121 133
55 118 121 146
55 118 133 146
56 59 59 62
56 61 62 71
56 62 62 77
56 63 66 84
56 65 66 71
56 65 66 101
56 65 71 101
56 66 66 111
56 67 77 122
56 68 71 134
56 69 84 147
56 71 71 77
56 71 71 92
56 71 77 92
56 74 77 84
56 77 77 92
56 77 77 122
56 77 92 122
56 81 84 147
56 83 84 111
56 86 92 101
56 86 92 122
56 86 101 122
56 89 92 134
56 91 92 101
56 92 92 147
56 98 101 134
56 101 101 111
56 101 101 122
56 101 111 122
56 111 111 147
56 119 122 134
56 119 122 147
56 119 134 147
57 60 60 63
57 62 63 72
57 63 63 78
57 64 67 85
57 66 67 72
57 66 67 102
57 66 72 102
57 67 67 112
57 68 78 123
57 69 72 135
57 70 85 148
57 72 72 78
57 72 72 93
57 72 78 93
57 75 78 85
57 78 78 93
57 78 78 123
57 78 93 123
57 82 85 148
57 84 85 112
57 87 93 102
57 87 93 123
57 87 102 123
57 90 93 135
57 92 93 102
57 93 93 148
57 99 102 135
57 102 102 112
57 102 102 123
57 102 112 123
57 112 112 148
57 120 123 135
57 120 123 148
57 120 135 148
58 61 61 64
58 63 64 73
58 64 64 79
58 65 68 86
58 67 68 73
58 67 68 103
58 67 73 103
58 68 68 113
58 69 79 124
58 70 73 136
58 71 86 149
58 73 73 79
58 73 73 94
58 73 79 94
58 76 79 86
58 79 79 94
58 79 79 124
58 79 94 124
58 83 86 149
58 85 86 113
58 88 94 103
58 88 94 124
58 88 103 124
58 91 94 136
58 93 94 103
58 94 94 149
58 100 103 136
58 103 103 113
58 103 103 124
58 103 113 124
58 113 113 149
58 121 124 136
58 121 124 149
58 121 136 149
59 62 62 65
59 64 65 74
59 65 65 80
59 66 69 87
59 68 69 74
59 68 69 104
59 68 74 104
59 69 69 114
59 70 80 125
59 71 74 137
59 74 74 80
59 74 74 95
59 74 80 95
59 77 80 87
59 80 80 95
59 80 80 125
59 80 95 125
59 86 87 114
59 89 95 104
59 89 95 125
59 89 104 125
59 92 95 137
59 94 95 104
59 101 104 137
59 104 104 114
59 104 104 125
59 104 114 125
59 122 125 137
60 63 63 66
60 65 66 75
60 66 66 81
60 67 70 88
60 69 70 75
60 69 70 105
60 69 75 105
60 70 70 115
60 71 81 126
60 72 75 138
60 75 75 81
60 75 75 96
60 75 81 96
60 78 81 88
60 81 81 96
60 81 81 126
60 81 96 126
60 87 88 115
60 90 96 105
60 90 96 126
60 90 105 126
60 93 96 138
60 95 96 105
60 102 105 138
60 105 105 115
60 105 105 126
60 105 115 126
60 123 126 138
61 64 64 67
61 66 67 76
61 67 67 82
61 68 71 89
61 70 71 76
61 70 71 106
61 70 76 106
61 71 71 116
61 72 82 127
61 73 76 139
61 76 76 82
61 76 76 97
61 76 82 97
61 79 82 89
61 82 82 97
61 82 82 127
61 82 97 127
61 88 89 116
61 91 97 106
61 91 97 127
61 91 106 127
61 94 97 139
61 96 97 106
61 103 106 139
61 106 106 116
61 106 106 127
61 106 116 127
61 124 127 139
62 65 65 68
62 67 68 77
62 68 68 83
62 69 72 90
62 71 72 77
62 71 72 107
62 71 77 107
62 72 72 117
62 73 83 128
62 74 77 140
62 77 77 83
62 77 77 98
62 77 83 98
62 80 83 90
62 83 83 98
62 83 83 128
62 83 98 128
62 89 90 117
62 92 98 107
62 92 98 128
62 92 107 128
62 95 98 140
62 97 98 107
62 104 107 140
62 107 107 117
62 107 107 128
62 107 117 128
62 125 128 140
63 66 66 69
63 68 69 78
63 69 69 84
63 70 73 91
63 72 73 78
63 72 73 108
63 72 78 108
63 73 73 118
63 74 84 129
63 75 78 141
63 78 78 84
63 78 78 99
63 78 84 99
63 81 84 91
63 84 84 99
63 84 84 129
63 84 99 129
63 90 91 118
63 93 99 108
63 93 99 129
63 93 108 129
63 96 99 141
63 98 99 108
63 105 108 141
63 108 108 118
63 108 108 129
63 108 118 129
63 126 129 141
64 67 67 70
64 69 70 79
64 70 70 85
64 71 74 92
64 73 74 79
64 73 74 109
64 73 79 109
64 74 74 119
64 75 85 130
64 76 79 142
64 79 79 85
64 79 79 100
64 79 85 100
64 82 85 92
64 85 85 100
64 85 85 130
64 85 100 130
64 91 92 119
64 94 100 109
64 94 100 130
64 94 109 130
64 97 100 142
64 99 100 109
64 106 109 142
64 109 109 119
64 109 109 130
64 109 119 130
64 127 130 142
65 68 68 71
65 70 71 80
65 71 71 86
65 72 75 93
65 74 75 80
65 74 75 110
65 74 80 110
65 75 75 120
65 76 86 131
65 77 80 143
65 80 80 86
65 80 80 101
65 80 86 101
65 83 86 93
65 86 86 101
65 86 86 131
65 86 101 131
65 92 93 120
65 95 101 110
65 95 101 131
65 95 110 131
65 98 101 143
65 100 101 110
65 107 110 143
65 110 110 120
65 110 110 131
65 110 120 131
65 128 131 143
66 69 69 72
66 71 72 81
66 72 72 87
66 73 76 94
66 75 76 81
66 75 76 111
66 75 81 111
66 76 76 121
66 77 87 132
66 78 81 144
66 81 81 87
66 81 81 102
66 81 87 102
66 84 87 94
66 87 87 102
66 87 87 132
66 87 102 132
66 93 94 121
66 96 102 111
66 96 102 132
66 96 111 132
66 99 102 144
66 101 102 111
66 108 111 144
66 111 111 121
66 111 111 132
66 111 121 132
66 129 132 144
67 70 70 73
67 72 73 82
67 73 73 88
67 74 77 95
67 76 77 82
67 76 77 112
67 76 82 112
67 77 77 122
67 78 88 133
67 79 82 145
67 82 82 88
67 82 82 103
67 82 88 103
67 85 88 95
67 88 88 103
67 88 88 133
67 88 103 133
67 94 95 122
67 97 103 112
67 97 103 133
67 97 112 133
67 100 103 145
67 102 103 112
67 109 112 145
67 112 112 122
67 112 112 133
67 112 122 133
67 130 133 145
68 71 71 74
68 73 74 83
68 74 74 89
68 75 78 96
68 77 78 83
68 77 78 113
68 77 83 113
68 78 78 123
68 79 89 134
68 80 83 146
68 83 83 89
68 83 83 104
68 83 89 104
68 86 89 96
68 89 89 104
68 89 89 134
68 89 104 134
68 95 96 123
68 98 104 113
68 98 104 134
68 98 113 134
68 101 104 146
68 103 104 113
68 110 113 146
68 113 113 123
68 113 113 134
68 113 123 134
68 131 134 146
69 72 72 75
69 74 75 84
69 75 75 90
69 76 79 97
69 78 79 84
69 78 79 114
69 78 84 114
69 79 79 124
69 80 90 135
69 81 84 147
69 84 84 90
69 84 84 105
69 84 90 105
69 87 90 97
69 90 90 105
69 90 90 135
69 90 105 135
69 96 97 124
69 99 105 114
69 99 105 135
69 99 114 135
69 102 105 147
69 104 105 114
69 111 114 147
69 114 114 124
69 114 114 135
69 114 124 135
69 132 135 147
70 73 73 76
70 75 76 85
70 76 76 91
70 77 80 98
70 79 80 85
70 79 80 115
70 79 85 115
70 80 80 125
70 81 91 136
70 82 85 148
70 85 85 91
70 85 85 106
70 85 91 106
70 88 91 98
70 91 91 106
70 91 91 136
70 91 106 136
70 97 98 125
70 100 106 115
70 100 106 136
70 100 115 136
70 103 106 148
70 105 106 115
70 112 115 148
70 115 115 125
70 115 115 136
70 115 125 136
70 133 136 148
71 74 74 77
71 76 77 86
71 77 77 92
71 78 81 99
71 80 81 86
71 80 81 116
71 80 86 116
71 81 81 126
71 82 92 137
71 83 86 149
71 86 86 92
71 86 86 107
71 86 92 107
71 89 92 99
71 92 92 107
71 92 92 137
71 92 107 137
71 98 99 126
71 101 107 116
71 101 107 137
71 101 116 137
71 104 107 149
71 106 107 116
71 113 116 149
71 116 116 126
71 116 116 137
71 116 126 137
71 134 137 149
72 75 75 78
72 77 78 87
72 78 78 93
72 79 82 100
72 81 82 87
72 81 82 117
72 81 87 117
72 82 82 127
72 83 93 138
72 87 87 93
72 87 87 108
72 87 93 108
72 90 93 100
72 93 93 108
72 93 93 138
72 93 108 138
72 99 100 127
72 102 108 117
72 102 108 138
72 102 117 138
72 107 108 117
72 117 117 127
72 117 117 138
72 117 127 138
73 76 76 79
73 78 79 88
73 79 79 94
73 80 83 101
73 82 83 88
73 82 83 118
73 82 88 118
73 83 83 128
73 84 94 139
73 88 88 94
73 88 88 109
73 88 94 109
73 91 94 101
73 94 94 109
73 94 94 139
73 94 109 139
73 100 101 128
73 103 109 118
73 103 109 139
73 103 118 139
73 108 109 118
73 118 118 128
73 118 118 139
73 118 128 139
74 77 77 80
74 79 80 89
74 80 80 95
74 81 84 102
74 83 84 89
74 83 84 119
74 83 89 119
74 84 84 129
74 85 95 140
74 89 89 95
74 89 89 110
74 89 95 110
74 92 95 102
74 95 95 110
74 95 95 140
74 95 110 140
74 101 102 129
74 104 110 119
74 104 110 140
74 104 119 140
74 109 110 119
74 119 119 129
74 119 119 140
74 119 129 140
75 78 78 81
75 80 81 90
75 81 81 96
75 82 85 103
75 84 85 90
75 84 85 120
75 84 90 120
75 85 85 130
75 86 96 141
75 90 90 96
75 90 90 111
75 90 96 111
75 93 96 103
75 96 96 111
75 96 96 141
75 96 111 141
75 102 103 130
75 105 111 120
75 105 111 141
75 105 120 141
75 110 111 120
75 120 120 130
75 120 120 141
75 120 130 141
76 79 79 82
76 81 82 91
76 82 82 97
76 83 86 104
76 85 86 91
76 85 86 121
76 85 91 121
76 86 86 131
76 87 97 142
76 91 91 97
76 91 91 112
76 91 97 112
76 94 97 104
76 97 97 112
76 97 97 142
76 97 112 142
76 103 104 131
76 106 112 121
76 106 112 142
76 106 121 142
76 111 112 121
76 121 121 131
76 121 121 142
76 121 131 142
77 80 80 83
77 82 83 92
77 83 83 98
77 84 87 105
77 86 87 92
77 86 87 122
77 86 92 122
77 87 87 132
77 88 98 143
77 92 92 98
77 92 92 113
77 92 98 113
77 95 98 105
77 98 98 113
77 98 98 143
77 98 113 143
77 104 105 132
77 107 113 122
77 107 113 143
77 107 122 143
77 112 113 122
77 122 122 132
77 122 122 143
77 122 132 143
78 81 81 84
78 83 84 93
78 84 84 99
78 85 88 106
78 87 88 93
78 87 88 123
78 87 93 123
78 88 88 133
78 89 99 144
78 93 93 99
78 93 93 114
78 93 99 114
78 96 99 106
78 99 99 114
78 99 99 144
78 99 114 144
78 105 106 133
78 108 114 123
78 108 114 144
78 108 123 144
78 113 114 123
78 123 123 133
78 123 123 144
78 123 133 144
79 82 82 85
79 84 85 94
79 85 85 100
79 86 89 107
79 88 89 94
79 88 89 124
79 88 94 124
79 89 89 134
79 90 100 145
79 94 94 100
79 94 94 115
79 94 100 115
79 97 100 107
79 100 100 115
79 100 100 145
79 100 115 145
79 106 107 134
79 109 115 124
79 109 115 145
79 109 124 145
79 114 115 124
79 124 124 134
79 124 124 145
79 124 134 145
80 83 83 86
80 85 86 95
80 86 86 101
80 87 90 108
80 89 90 95
80 89 90 125
80 89 95 125
80 90 90 135
80 91 101 146
80 95 95 101
80 95 95 116
80 95 101 116
80 98 101 108
80 101 101 116
80 101 101 146
80 101 116 146
80 107 108 135
80 110 116 125
80 110 116 146
80 110 125 146
80 115 116 125
80 125 125 135
80 125 125 146
80 125 135 146
81 84 84 87
81 86 87 96
81 87 87 102
81 88 91 109
81 90 91 96
81 90 91 126
81 90 96 126
81 91 91 136
81 92 102 147
81 96 96 102
81 96 96 117
81 96 102 117
81 99 102 109
81 102 102 117
81 102 102 147
81 102 117 147
81 108 109 136
81 111 117 126
81 111 117 147
81 111 126 147
81 116 117 126
81 126 126 136
81 126 126 147
81 126 136 147
82 85 85 88
82 87 88 97
82 88 88 103
82 89 92 110
82 91 92 97
82 91 92 127
82 91 97 127
82 92 92 137
82 93 103 148
82 97 97 103
82 97 97 118
82 97 103 118
82 100 103 110
82 103 103 118
82 103 103 148
82 103 118 148
82 109 110 137
82 112 118 127
82 112 118 148
82 112 127 148
82 117 118 127
82 127 127 137
82 127 127 148
82 127 137 148
83 86 86 89
83 88 89 98
83 89 89 104
83 90 93 111
83 92 93 98
83 92 93 128
83 92 98 128
83 93 93 138
83 94 104 149
83 98 98 104
83 98 98 119
83 98 104 119
83 101 104 111
83 104 104 119
83 104 104 149
83 104 119 149
83 110 111 138
83 113 119 128
83 113 119 149
83 113 128 149
83 118 119 128
83 128 128 138
83 128 128 149
83 128 138 149
84 87 87 90
84 89 90 99
84 90 90 105
84 91 94 112
84 93 94 99
84 93 94 129
84 93 99 129
84 94 94 139
84 99 99 105
84 99 99 120
84 99 105 120
84 102 105 112
84 105 105 120
84 111 112 139
84 114 120 129
84 119 120 129
84 129 129 139
85 88 88 91
85 90 91 100
85 91 91 106
85 92 95 113
85 94 95 100
85 94 95 130
85 94 100 130
85 95 95 140
85 100 100 106
85 100 100 121
85 100 106 121
85 103 106 113
85 106 106 121
85 112 113 140
85 115 121 130
85 120 121 130
85 130 130 140
86 89 89 92
86 91 92 101
86 92 92 107
86 93 96 114
86 95 96 101
86 95 96 131
86 95 101 131
86 96 96 141
86 101 101 107
86 101 101 122
86 101 107 122
86 104 107 114
86 107 107 122
86 113 114 141
86 116 122 131
86 121 122 131
86 131 131 141
87 90 90 93
87 92 93 102
87 93 93 108
87 94 97 115
87 96 97 102
87 96 97 132
87 96 102 132
87 97 97 142
87 102 102 108
87 102 102 123
87 102 108 123
87 105 108 115
87 108 108 123
87 114 115 142
87 117 123 132
87 122 123 132
87 132 132 142
88 91 91 94
88 93 94 103
88 94 94 109
88 95 98 116
88 97 98 103
88 97 98 133
88 97 103 133
88 98 98 143
88 103 103 109
88 103 103 124
88 103 109 124
88 106 109 116
88 109 109 124
88 115 116 143
88 118 124 133
88 123 124 133
88 133 133 143
89 92 92 95
89 94 95 104
89 95 95 110
89 96 99 117
89 98 99 104
89 98 99 134
89 98 104 134
89 99 99 144
89 104 104 110
89 104 104 125
89 104 110 125
89 107 110 117
89 110 110 125
89 116 117 144
89 119 125 134
89 124 125 134
89 134 134 144
90 93 93 96
90 95 96 105
90 96 96 111
90 97 100 118
90 99 100 105
90 99 100 135
90 99 105 135
90 100 100 145
90 105 105 111
90 105 105 126
90 105 111 126
90 108 111 118
90 111 111 126
90 117 118 145
90 120 126 135
90 125 126 135
90 135 135 145
91 94 94 97
91 96 97 106
91 97 97 112
91 98 101 119
91 100 101 106
91 100 101 136
91 100 106 136
91 101 101 146
91 106 106 112
91 106 106 127
91 106 112 127
91 109 112 119
91 112 112 127
91 118 119 146
91 121 127 136
91 126 127 136
91 136 136 146
92 95 95 98
92 97 98 107
92 98 98 113
92 99 102 120
92 101 102 107
92 101 102 137
92 101 107 137
92 102 102 147
92 107 107 113
92 107 107 128
92 107 113 128
92 110 113 120
92 113 113 128
92 119 120 147
92 122 128 137
92 127 128 137
92 137 137 147
93 96 96 99
93 98 99 108
93 99 99 114
93 100 103 121
93 102 103 108
93 102 103 138
93 102 108 138
93 103 103 148
93 108 108 114
93 108 108 129
93 108 114 129
93 111 114 121
93 114 114 129
93 120 121 148
93 123 129 138
93 128 129 138
93 138 138 148
94 97 97 100
94 99 100 109
94 100 100 115
94 101 104 122
94 103 104 109
94 103 104 139
94 103 109 139
94 104 104 149
94 109 109 115
94 109 109 130
94 109 115 130
94 112 115 122
94 115 115 130
94 121 122 149
94 124 130 139
94 129 130 139
94 139 139 149
95 98 98 101
95 100 101 110
95 101 101 116
95 102 105 123
95 104 105 110
95 104 105 140
95 104 110 140
95 110 110 116
95 110 110 131
95 110 116 131
95 113 116 123
95 116 116 131
95 125 131 140
95 130 131 140
96 99 99 102
96 101 102 111
96 102 102 117
96 103 106 124
96 105 106 111
96 105 106 141
96 105 111 141
96 111 111 117
96 111 111 132
96 111 117 132
96 114 117 124
96 117 117 132
96 126 132 141
96 131 132 141
97 100 100 103
97 102 103 112
97 103 103 118
97 104 107 125
97 106 107 112
97 106 107 142
97 106 112 142
97 112 112 118
97 112 112 133
97 112 118 133
97 115 118 125
97 118 118 133
97 127 133 142
97 132 133 142
98 101 101 104
98 103 104 113
98 104 104 119
98 105 108 126
98 107 108 113
98 107 108 143
98 107 113 143
98 113 113 119
98 113 113 134
98 113 119 134
98 116 119 126
98 119 119 134
98 128 134 143
98 133 134 143
99 102 102 105
99 104 105 114
99 105 105 120
99 106 109 127
99 108 109 114
99 108 109 144
99 108 114 144
99 114 114 120
99 114 114 135
99 114 120 135
99 117 120 127
99 120 120 135
99 129 135 144
99 134 135 144
100 103 103 106
100 105 106 115
100 106 106 121
100 107 110 128
100 109 110 115
100 109 110 145
100 109 115 145
100 115 115 121
100 115 115 136
100 115 121 136
100 118 121 128
100 121 121 136
100 130 136 145
100 135 136 145
101 104 104 107
101 106 107 116
101 107 107 122
101 108 111 129
101 110 111 116
101 110 111 146
101 110 116 146
101 116 116 122
101 116 116 137
101 116 122 137
101 119 122 129
101 122 122 137
101 131 137 146
101 136 137 146
102 105 105 108
102 107 108 117
102 108 108 123
102 109 112 130
102 111 112 117
102 111 112 147
102 111 117 147
102 117 117 123
102 117 117 138
102 117 123 138
102 120 123 130
102 123 123 138
102 132 138 147
102 137 138 147
103 106 106 109
103 108 109 118
103 109 109 124
103 110 113 131
103 112 113 118
103 112 113 148
103 112 118 148
103 118 118 124
103 118 118 139
103 118 124 139
103 121 124 131
103 124 124 139
103 133 139 148
103 138 139 148
104 107 107 110
104 109 110 119
104 110 110 125
104 111 114 132
104 113 114 119
104 113 114 149
104 113 119 149
104 119 119 125
104 119 119 140
104 119 125 140
104 122 125 132
104 125 125 140
104 134 140 149
104 139 140 149
105 108 108 111
105 110 111 120
105 111 111 126
105 112 115 133
105 114 115 120
105 120 120 126
105 120 120 141
105 120 126 141
105 123 126 133
105 126 126 141
106 109 109 112
106 111 112 121
106 112 112 127
106 113 116 134
106 115 116 121
106 121 121 127
106 121 121 142
106 121 127 142
106 124 127 134
106 127 127 142
107 110 110 113
107 112 113 122
107 113 113 128
107 114 117 135
107 116 117 122
107 122 122 128
107 122 122 143
107 122 128 143
107 125 128 135
107 128 128 143
108 111 111 114
108 113 114 123
108 114 114 129
108 115 118 136
108 117 118 123
108 123 123 129
108 123 123 144
108 123 129 144
108 126 129 136
108 129 129 144
109 112 112 115
109 114 115 124
109 115 115 130
109 116 119 137
109 118 119 124
109 124 124 130
109 124 124 145
109 124 130 145
109 127 130 137
109 130 130 145
110 113 113 116
110 115 116 125
110 116 116 131
110 117 120 138
110 119 120 125
110 125 125 131
110 125 125 146
110 125 131 146
110 128 131 138
110 131 131 146
111 114 114 117
111 116 117 126
111 117 117 132
111 118 121 139
111 120 121 126
111 126 126 132
111 126 126 147
111 126 132 147
111 129 132 139
111 132 132 147
112 115 115 118
112 117 118 127
112 118 118 133
112 119 122 140
112 121 122 127
112 127 127 133
112 127 127 148
112 127 133 148
112 130 133 140
112 133 133 148
113 116 116 119
113 118 119 128
113 119 119 134
113 120 123 141
113 122 123 128
113 128 128 134
113 128 128 149
113 128 134 149
113 131 134 141
113 134 134 149
114 117 117 120
114 119 120 129
114 120 120 135
114 121 124 142
114 123 124 129
114 129 129 135
114 132 135 142
115 118 118 121
115 120 121 130
115 121 121 136
115 122 125 143
115 124 125 130
115 130 130 136
115 133 136 143
116 119 119 122
116 121 122 131
116 122 122 137
116 123 126 144
116 125 126 131
116 131 131 137
116 134 137 144
117 120 120 123
117 122 123 132
117 123 123 138
117 124 127 145
117 126 127 132
117 132 132 138
117 135 138 145
118 121 121 124
118 123 124 133
118 124 124 139
118 125 128 146
118 127 128 133
118 133 133 139
118 136 139 146
119 122 122 125
119 124 125 134
119 125 125 140
119 126 129 147
119 128 129 134
119 134 134 140
119 137 140 147
120 123 123 126
120 125 126 135
120 126 126 141
120 127 130 148
120 129 130 135
120 135 135 141
120 138 141 148
121 124 124 127
121 126 127 136
121 127 127 142
121 128 131 149
121 130 131 136
121 136 136 142
121 139 142 149
122 125 125 128
122 127 128 137
122 128 128 143
122 131 132 137
122 137 137 143
123 126 126 129
123 128 129 138
123 129 129 144
123 132 133 138
123 138 138 144
124 127 127 130
124 129 130 139
124 130 130 145
124 133 134 139
124 139 139 145
125 128 128 131
125 130 131 140
125 131 131 146
125 134 135 140
125 140 140 146
126 129 129 132
126 131 132 141
126 132 132 147
126 135 136 141
126 141 141 147
127 130 130 133
127 132 133 142
127 133 133 148
127 136 137 142
127 142 142 148
128 131 131 134
128 133 134 143
128 134 134 149
128 137 138 143
128 143 143 149
129 132 132 135
129 134 135 144
129 138 139 144
130 133 133 136
130 135 136 145
130 139 140 145
131 134 134 137
131 136 137 146
131 140 141 146
132 135 135 138
132 137 138 147
132 141 142 147
133 136 136 139
133 138 139 148
133 142 143 148
134 137 137 140
134 139 140 149
134 143 144 149
135 138 138 141
136 139 139 142
137 140 140 143
138 141 141 144
139 142 142 145
140 143 143 146
141 144 144 147
142 145 145 148
143 146 146 149
